ecsv/2025a_RGB0521/magic_2025a_fig1_lc_uvot.csv
# %ECSV 0.9
# ---
# delimiter: ','
# datatype:
# - {name: srcname   , unit: latex   , datatype: string    , description: Source name                                          }
# - {name: t         , unit: mjd     , datatype: float32 , description: Time of measurement                                  }
# - {name: t_wlo     , unit: d    , datatype: float32 , description: Lower width of time bin                                 }
# - {name: t_wup     , unit: d    , datatype: float32 , description: Upper width of time bin                                 }
# - {name: t_exp     , unit: h    , datatype: float32 , description: Exposure time                                           }
# - {name: flux     , unit: mJy, datatype: float32 , description: Flux measured above the energy threshold              }
# - {name: flux_elo , unit: mJy, datatype: float32 , description: Lower uncertainty of flux                             }
# - {name: flux_eup , unit: mJy, datatype: float32 , description: Upper uncertainty of flux                             }
# - {name: eth_lo      , unit: GeV,      datatype: float32 , description: Assumed lower energy threshold for integral flux calculation}
# - {name: eth_up      , unit: GeV,      datatype: float32 , description: Assumed upper energy threshold for integral flux calculation}
# - {name: instrument, unit: latex   , datatype: string    , description: Instrument                                           }
# - {name: dataformat, unit: latex   , datatype: string    , description: Data Format                                          }
# - {name: comments  , unit: latex   , datatype: string    , description: Comments                                             }
# meta: !!omap
# - {Filename: magic_template_lc.ecsv}
# - {Source: "VER 0521+211"}
# - {Figure: "Figure 1, long term MWL light curve, panel 4"}
# - {Title: "Time-dependent modelling of short-term variability in the TeV-blazar VER J0521+211 during the major flare in 2020"}
# - {Comments: ""}
# - {Reference: "magic_2025a.yaml"}
# - {Status: "Checked"}

srcname, t, t_wlo, t_wup, t_exp, flux, flux_elo, flux_eup, eth_lo, eth_up, instrument, dataformat, comments
VER 0521+211, 55131.45570148, , , , 1.99967100574927, 0.144322831432218, 0.144322831432218, , , Swift-UVOT, , W1
VER 0521+211, 55132.3777442596, , , , 2.93454275323669, 0.098723479785773, 0.098723479785773, , , Swift-UVOT, , U
VER 0521+211, 55134.462926691, , , , 2.04034309250876, 0.311754855560589, 0.311754855560589, , , Swift-UVOT, , M2
VER 0521+211, 55159.2105504859, , , , 1.41323529201663, 0.160662371014836, 0.160662371014836, , , Swift-UVOT, , W1
VER 0521+211, 55160.3540873577, , , , 2.60866623281358, 0.090388420354491, 0.090388420354491, , , Swift-UVOT, , U
VER 0521+211, 55161.3579070198, , , , 1.45868031897509, 0.146513588566073, 0.146513588566073, , , Swift-UVOT, , W2
VER 0521+211, 55162.362413549, , , , 2.10250576445375, 0.319893193766267, 0.319893193766267, , , Swift-UVOT, , M2
VER 0521+211, 56244.4127909271, , , , 1.78037556944831, 0.184899410356226, 0.184899410356226, , , Swift-UVOT, , W1
VER 0521+211, 56244.4164915522, , , , 2.76356175492078, 0.168611013476245, 0.168611013476245, , , Swift-UVOT, , U
VER 0521+211, 56244.4189801525, , , , 4.52645094500662, 0.210496346959962, 0.210496346959962, , , Swift-UVOT, , B
VER 0521+211, 56244.4251239181, , , , 1.13686989366781, 0.171816337434739, 0.171816337434739, , , Swift-UVOT, , W2
VER 0521+211, 56244.4312655129, , , , 6.0277273769828, 0.296977951918902, 0.296977951918902, , , Swift-UVOT, , V
VER 0521+211, 56245.3480208371, , , , 2.19289656590451, 0.249323209533842, 0.249323209533842, , , Swift-UVOT, , W1
VER 0521+211, 56245.3503651411, , , , 3.33998992671004, 0.223116928663528, 0.223116928663528, , , Swift-UVOT, , U
VER 0521+211, 56245.3519449939, , , , 4.91251992630956, 0.267136200502142, 0.267136200502142, , , Swift-UVOT, , B
VER 0521+211, 56245.3558291182, , , , 1.66354061281296, 0.242057588874721, 0.242057588874721, , , Swift-UVOT, , W2
VER 0521+211, 56245.3597068577, , , , 6.01489471569712, 0.361857191006391, 0.361857191006391, , , Swift-UVOT, , V
VER 0521+211, 56245.3625277224, , , , 3.13754940146084, 0.714098487249153, 0.714098487249153, , , Swift-UVOT, , M2
VER 0521+211, 56246.3492678288, , , , 2.19811091005135, 0.317869282846711, 0.317869282846711, , , Swift-UVOT, , W1
VER 0521+211, 56246.3506414529, , , , 3.13437402532163, 0.275055745709816, 0.275055745709816, , , Swift-UVOT, , U
VER 0521+211, 56246.3515817411, , , , 5.13160210814143, 0.346411408929839, 0.346411408929839, , , Swift-UVOT, , B
VER 0521+211, 56246.3538706249, , , , 1.42099213884089, 0.298674313190091, 0.298674313190091, , , Swift-UVOT, , W2
VER 0521+211, 56246.3561277763, , , , 6.35405184363481, 0.472393633891506, 0.472393633891506, , , Swift-UVOT, , V
VER 0521+211, 56246.3577956117, , , , 1.70513027254453, 0.787417901954857, 0.787417901954857, , , Swift-UVOT, , M2
VER 0521+211, 56247.3603424202, , , , 2.25761087773218, 0.386764924942882, 0.386764924942882, , , Swift-UVOT, , W1
VER 0521+211, 56247.3613107375, , , , 4.17078799796146, 0.368048507685747, 0.368048507685747, , , Swift-UVOT, , U
VER 0521+211, 56247.3619737981, , , , 4.74183438007934, 0.40179497401525, 0.40179497401525, , , Swift-UVOT, , B
VER 0521+211, 56247.3635760611, , , , 1.355061398403, 0.356942022301147, 0.356942022301147, , , Swift-UVOT, , W2
VER 0521+211, 56247.3651633202, , , , 6.38266818398271, 0.563217073278233, 0.563217073278233, , , Swift-UVOT, , V
VER 0521+211, 56580.3963966644, , , , 5.52664794417835, 0.186380578874229, 0.186380578874229, , , Swift-UVOT, , U
VER 0521+211, 56581.0096957507, , , , 2.44880348883541, 0.188335615113326, 0.188335615113326, , , Swift-UVOT, , W2
VER 0521+211, 56582.6039899364, , , , 3.81714905990404, 0.36623562096506, 0.36623562096506, , , Swift-UVOT, , M2
VER 0521+211, 56583.4853609238, , , , 3.39087868351598, 0.214445884644868, 0.214445884644868, , , Swift-UVOT, , W1
VER 0521+211, 56584.7410848277, , , , 4.8711641971741, 0.147562708416854, 0.147562708416854, , , Swift-UVOT, , U
VER 0521+211, 56585.4735569539, , , , 2.99502805040773, 0.190183669506506, 0.190183669506506, , , Swift-UVOT, , W2
VER 0521+211, 56586.0124396716, , , , 4.90059575803026, 0.416024243200631, 0.416024243200631, , , Swift-UVOT, , M2
VER 0521+211, 56590.7593333115, , , , 4.49832967612898, 0.60530283771162, 0.60530283771162, , , Swift-UVOT, , M2
VER 0521+211, 56591.4240880426, , , , 3.67553250044878, 0.414234269576826, 0.414234269576826, , , Swift-UVOT, , W1
VER 0521+211, 56592.2260823822, , , , 4.41011109447936, 0.148821598472237, 0.148821598472237, , , Swift-UVOT, , U
VER 0521+211, 56621.2311251361, , , , 3.49118002565207, 0.427441613743816, 0.427441613743816, , , Swift-UVOT, , W1
VER 0521+211, 56621.2323001293, , , , 5.67034354001704, 0.395676848523947, 0.395676848523947, , , Swift-UVOT, , U
VER 0521+211, 56621.2331023145, , , , 7.49691243028877, 0.446403456491777, 0.446403456491777, , , Swift-UVOT, , B
VER 0521+211, 56621.2350515913, , , , 2.7780406952031, 0.41351324823387, 0.41351324823387, , , Swift-UVOT, , W2
VER 0521+211, 56621.2370002298, , , , 8.78581034696684, 0.594694911211161, 0.594694911211161, , , Swift-UVOT, , V
VER 0521+211, 56621.2388361126, , , , 6.04978734534722, 1.06790722351949, 1.06790722351949, , , Swift-UVOT, , M2
VER 0521+211, 56622.2324879078, , , , 3.98641482813492, 0.450635374010124, 0.450635374010124, , , Swift-UVOT, , W1
VER 0521+211, 56622.2336628371, , , , 5.26815410963665, 0.380715504331523, 0.380715504331523, , , Swift-UVOT, , U
VER 0521+211, 56622.2344644475, , , , 7.62301581189467, 0.448164034897606, 0.448164034897606, , , Swift-UVOT, , B
VER 0521+211, 56622.2364086165, , , , 3.17315336317443, 0.431081559081219, 0.431081559081219, , , Swift-UVOT, , W2
VER 0521+211, 56622.2383394412, , , , 9.33613385616648, 0.610021747873166, 0.610021747873166, , , Swift-UVOT, , V
VER 0521+211, 56622.2401962664, , , , 5.2396947302115, 1.00953378709753, 1.00953378709753, , , Swift-UVOT, , M2
VER 0521+211, 56623.3768265264, , , , 2.59054679762239, 0.37756603884693, 0.37756603884693, , , Swift-UVOT, , W1
VER 0521+211, 56623.3779696594, , , , 5.74854877543422, 0.400349488981898, 0.400349488981898, , , Swift-UVOT, , U
VER 0521+211, 56623.3787498807, , , , 8.08182868248803, 0.462385283765776, 0.462385283765776, , , Swift-UVOT, , B
VER 0521+211, 56623.3806563794, , , , 3.57288195316386, 0.454303823157175, 0.454303823157175, , , Swift-UVOT, , W2
VER 0521+211, 56623.3825293578, , , , 8.43392483877549, 0.588086336243557, 0.588086336243557, , , Swift-UVOT, , V
VER 0521+211, 56623.3838070184, , , , 5.18729038999231, 1.2789964224484, 1.2789964224484, , , Swift-UVOT, , M2
VER 0521+211, 56624.3021498054, , , , 3.63084857471527, 0.368386659173117, 0.368386659173117, , , Swift-UVOT, , W1
VER 0521+211, 56624.3038315594, , , , 5.44233606708573, 0.333127468499375, 0.333127468499375, , , Swift-UVOT, , U
VER 0521+211, 56624.3049707977, , , , 7.50379034568461, 0.3793576569314, 0.3793576569314, , , Swift-UVOT, , B
VER 0521+211, 56624.3077631221, , , , 2.87250246784441, 0.354427506817354, 0.354427506817354, , , Swift-UVOT, , W2
VER 0521+211, 56624.3105459332, , , , 9.24722547341688, 0.521467038940235, 0.521467038940235, , , Swift-UVOT, , V
VER 0521+211, 56624.3128373071, , , , 3.60087063469215, 0.805218811480663, 0.805218811480663, , , Swift-UVOT, , M2
VER 0521+211, 56625.3032998528, , , , 3.91434091578069, 0.393864215481536, 0.393864215481536, , , Swift-UVOT, , W1
VER 0521+211, 56625.3048888357, , , , 5.42767634146734, 0.338819050956871, 0.338819050956871, , , Swift-UVOT, , U
VER 0521+211, 56625.3059715047, , , , 7.55567317335894, 0.390147647081573, 0.390147647081573, , , Swift-UVOT, , B
VER 0521+211, 56625.3086043369, , , , 2.92835044182107, 0.365134320604786, 0.365134320604786, , , Swift-UVOT, , W2
VER 0521+211, 56625.3112361477, , , , 9.70432309428107, 0.545418829009696, 0.545418829009696, , , Swift-UVOT, , V
VER 0521+211, 56625.3135139856, , , , 5.0632186794816, 0.904542112411029, 0.904542112411029, , , Swift-UVOT, , M2
VER 0521+211, 56626.3044162793, , , , 3.72778600236197, 0.363858103283359, 0.363858103283359, , , Swift-UVOT, , W1
VER 0521+211, 56626.3061034603, , , , 5.8073783773727, 0.338073889338056, 0.338073889338056, , , Swift-UVOT, , U
VER 0521+211, 56626.3072430819, , , , 7.90439157281447, 0.383979260921193, 0.383979260921193, , , Swift-UVOT, , B
VER 0521+211, 56626.3100211042, , , , 2.90389880177394, 0.342496314162422, 0.342496314162422, , , Swift-UVOT, , W2
VER 0521+211, 56626.3127889111, , , , 9.8132398921892, 0.527961703947678, 0.527961703947678, , , Swift-UVOT, , V
VER 0521+211, 56627.3724154204, , , , 4.14997879098016, 0.363062164804462, 0.363062164804462, , , Swift-UVOT, , W1
VER 0521+211, 56627.3743502036, , , , 5.19329676184858, 0.303406549717266, 0.303406549717266, , , Swift-UVOT, , U
VER 0521+211, 56627.3756628529, , , , 8.21457026503782, 0.368972220986828, 0.368972220986828, , , Swift-UVOT, , B
VER 0521+211, 56627.3788793195, , , , 2.51688471528395, 0.309830730309417, 0.309830730309417, , , Swift-UVOT, , W2
VER 0521+211, 56627.3820975096, , , , 9.93873466559182, 0.501889831059193, 0.501889831059193, , , Swift-UVOT, , V
VER 0521+211, 56627.3847664802, , , , 5.04082207277088, 0.823309071186042, 0.823309071186042, , , Swift-UVOT, , M2
VER 0521+211, 56628.3062851327, , , , 3.94584740898275, 0.376473267853492, 0.376473267853492, , , Swift-UVOT, , W1
VER 0521+211, 56628.3079599911, , , , 5.83937046031678, 0.340279612573902, 0.340279612573902, , , Swift-UVOT, , U
VER 0521+211, 56628.3091045926, , , , 7.47506535109943, 0.37473821174591, 0.37473821174591, , , Swift-UVOT, , B
VER 0521+211, 56628.3118967258, , , , 3.65244333926003, 0.375819698435088, 0.375819698435088, , , Swift-UVOT, , W2
VER 0521+211, 56628.3146677254, , , , 9.25145359526099, 0.514993449211271, 0.514993449211271, , , Swift-UVOT, , V
VER 0521+211, 56628.3169832978, , , , 4.96315180967873, 0.884996775980289, 0.884996775980289, , , Swift-UVOT, , M2
VER 0521+211, 56629.3080862162, , , , 4.59380153131929, 0.398873467856446, 0.398873467856446, , , Swift-UVOT, , W1
VER 0521+211, 56629.3099056263, , , , 6.01855413822377, 0.340684939152711, 0.340684939152711, , , Swift-UVOT, , U
VER 0521+211, 56629.3111361034, , , , 9.32284398009086, 0.407759848676738, 0.407759848676738, , , Swift-UVOT, , B
VER 0521+211, 56629.3141499166, , , , 4.05533071977792, 0.387905062707728, 0.387905062707728, , , Swift-UVOT, , W2
VER 0521+211, 56629.3171554933, , , , 10.9232004256179, 0.548518984954099, 0.548518984954099, , , Swift-UVOT, , V
VER 0521+211, 56629.3192885883, , , , 6.48568039572357, 1.08771699794094, 1.08771699794094, , , Swift-UVOT, , M2
VER 0521+211, 56650.1967094023, , , , 3.88231486349554, 0.345427126310333, 0.345427126310333, , , Swift-UVOT, , W1
VER 0521+211, 56650.1988191293, , , , 4.69370817124362, 0.282479226404833, 0.282479226404833, , , Swift-UVOT, , U
VER 0521+211, 56650.2002472797, , , , 6.93151106002472, 0.332364869703739, 0.332364869703739, , , Swift-UVOT, , B
VER 0521+211, 56650.2037498492, , , , 2.03635612168877, 0.285598063407108, 0.285598063407108, , , Swift-UVOT, , W2
VER 0521+211, 56650.207243033, , , , 9.73829975053511, 0.487862296532874, 0.487862296532874, , , Swift-UVOT, , V
VER 0521+211, 56650.2102156011, , , , 5.52759872580044, 0.8126411152756, 0.8126411152756, , , Swift-UVOT, , M2
VER 0521+211, 56651.1933546488, , , , 3.37328038730719, 0.316341571647954, 0.316341571647954, , , Swift-UVOT, , W1
VER 0521+211, 56651.195571768, , , , 5.46955687780869, 0.297589980426344, 0.297589980426344, , , Swift-UVOT, , U
VER 0521+211, 56651.1970713003, , , , 7.12743570398229, 0.329144533415821, 0.329144533415821, , , Swift-UVOT, , B
VER 0521+211, 56651.2007466424, , , , 2.87644333774546, 0.314008962809344, 0.314008962809344, , , Swift-UVOT, , W2
VER 0521+211, 56651.204421793, , , , 8.91691395016363, 0.453415476412149, 0.453415476412149, , , Swift-UVOT, , V
VER 0521+211, 56651.2074334996, , , , 4.00333331788604, 0.736551515651127, 0.736551515651127, , , Swift-UVOT, , M2
VER 0521+211, 56652.1974429805, , , , 3.11825219820941, 0.317108294947585, 0.317108294947585, , , Swift-UVOT, , W1
VER 0521+211, 56652.1994557224, , , , 4.87210397170858, 0.293986117149265, 0.293986117149265, , , Swift-UVOT, , U
VER 0521+211, 56652.2008138954, , , , 7.39746517765324, 0.348749173562779, 0.348749173562779, , , Swift-UVOT, , B
VER 0521+211, 56652.2041474594, , , , 2.28849319721557, 0.304355965073598, 0.304355965073598, , , Swift-UVOT, , W2
VER 0521+211, 56652.2074713824, , , , 8.74880006069011, 0.472267468324058, 0.472267468324058, , , Swift-UVOT, , V
VER 0521+211, 56652.2103133813, , , , 4.70567850605476, 0.784236729077044, 0.784236729077044, , , Swift-UVOT, , M2
VER 0521+211, 56653.1955183224, , , , 3.25294251044874, 0.306233544692267, 0.306233544692267, , , Swift-UVOT, , W1
VER 0521+211, 56653.1975362356, , , , 4.9183369985676, 0.341305633909679, 0.341305633909679, , , Swift-UVOT, , U
VER 0521+211, 56654.195511507, , , , 3.84474613031756, 0.33438378552589, 0.33438378552589, , , Swift-UVOT, , W1
VER 0521+211, 56654.1977267107, , , , 4.81084212349255, 0.280067598819911, 0.280067598819911, , , Swift-UVOT, , U
VER 0521+211, 56654.1992277115, , , , 7.33586801037829, 0.331955197385903, 0.331955197385903, , , Swift-UVOT, , B
VER 0521+211, 56654.20290267, , , , 2.40492268568139, 0.294011770676585, 0.294011770676585, , , Swift-UVOT, , W2
VER 0521+211, 56654.2065688177, , , , 9.26774716794086, 0.46470487380477, 0.46470487380477, , , Swift-UVOT, , V
VER 0521+211, 56654.2095489832, , , , 4.84983861783013, 0.784693428887817, 0.784693428887817, , , Swift-UVOT, , M2
VER 0521+211, 56655.2037256027, , , , 2.92484125691387, 0.391212429947115, 0.391212429947115, , , Swift-UVOT, , W1
VER 0521+211, 56655.2049214743, , , , 4.66773992003363, 0.359874153957901, 0.359874153957901, , , Swift-UVOT, , U
VER 0521+211, 56655.2057374506, , , , 6.97410642876039, 0.423090893138888, 0.423090893138888, , , Swift-UVOT, , B
VER 0521+211, 56655.2077088189, , , , 2.42898300732541, 0.386837683718175, 0.386837683718175, , , Swift-UVOT, , W2
VER 0521+211, 56655.2096704184, , , , 8.5662297052893, 0.58537165584259, 0.58537165584259, , , Swift-UVOT, , V
VER 0521+211, 56655.2109279034, , , , 3.78434498296538, 1.16579570241888, 1.16579570241888, , , Swift-UVOT, , M2
VER 0521+211, 56656.1932396222, , , , 3.51648132327252, 0.335891827300745, 0.335891827300745, , , Swift-UVOT, , W1
VER 0521+211, 56656.1952876079, , , , 3.9584616521252, 0.261422761236382, 0.261422761236382, , , Swift-UVOT, , U
VER 0521+211, 56656.1966826209, , , , 6.77025467585747, 0.332214701661499, 0.332214701661499, , , Swift-UVOT, , B
VER 0521+211, 56656.2000748608, , , , 2.06012397649209, 0.289399807906545, 0.289399807906545, , , Swift-UVOT, , W2
VER 0521+211, 56656.2034520324, , , , 8.82679753260143, 0.467954639321226, 0.467954639321226, , , Swift-UVOT, , V
VER 0521+211, 56656.2062252669, , , , 3.18411060956942, 0.72163071810982, 0.72163071810982, , , Swift-UVOT, , M2
VER 0521+211, 56657.1958549229, , , , 3.08008581837018, 0.304440475946262, 0.304440475946262, , , Swift-UVOT, , W1
VER 0521+211, 56657.198069424, , , , 4.93037993003913, 0.282679954095975, 0.282679954095975, , , Swift-UVOT, , U
VER 0521+211, 56657.1995701691, , , , 7.13836987131128, 0.328160977800308, 0.328160977800308, , , Swift-UVOT, , B
VER 0521+211, 56657.2032394449, , , , 2.24690251719468, 0.287470937277949, 0.287470937277949, , , Swift-UVOT, , W2
VER 0521+211, 56657.2069010589, , , , 8.38376769381787, 0.442095753158925, 0.442095753158925, , , Swift-UVOT, , V
VER 0521+211, 56657.2097148365, , , , 4.44596713582425, 0.790483221037001, 0.790483221037001, , , Swift-UVOT, , M2
VER 0521+211, 56658.1955273431, , , , 3.81205018498979, 0.334464839877693, 0.334464839877693, , , Swift-UVOT, , W1
VER 0521+211, 56658.1977675747, , , , 5.38394228203861, 0.294707033936476, 0.294707033936476, , , Swift-UVOT, , U
VER 0521+211, 56658.1992777054, , , , 7.41823944610568, 0.33181689682653, 0.33181689682653, , , Swift-UVOT, , B
