ecsv/2025a_RGB0521/magic_2025a_fig1_lc_uvot.csv
# %ECSV 0.9
# ---
# delimiter: ','
# datatype:
# - {name: srcname   , unit: latex   , datatype: string    , description: Source name                                          }
# - {name: t         , unit: mjd     , datatype: float32 , description: Time of measurement                                  }
# - {name: t_wlo     , unit: d    , datatype: float32 , description: Lower width of time bin                                 }
# - {name: t_wup     , unit: d    , datatype: float32 , description: Upper width of time bin                                 }
# - {name: t_exp     , unit: h    , datatype: float32 , description: Exposure time                                           }
# - {name: flux     , unit: mJy, datatype: float32 , description: Flux measured above the energy threshold              }
# - {name: flux_elo , unit: mJy, datatype: float32 , description: Lower uncertainty of flux                             }
# - {name: flux_eup , unit: mJy, datatype: float32 , description: Upper uncertainty of flux                             }
# - {name: eth_lo      , unit: GeV,      datatype: float32 , description: Assumed lower energy threshold for integral flux calculation}
# - {name: eth_up      , unit: GeV,      datatype: float32 , description: Assumed upper energy threshold for integral flux calculation}
# - {name: instrument, unit: latex   , datatype: string    , description: Instrument                                           }
# - {name: dataformat, unit: latex   , datatype: string    , description: Data Format                                          }
# - {name: comments  , unit: latex   , datatype: string    , description: Comments                                             }
# meta: !!omap
# - {Filename: magic_template_lc.ecsv}
# - {Source: "VER 0521+211"}
# - {Figure: "Figure 1, long term MWL light curve, panel 4"}
# - {Title: "Time-dependent modelling of short-term variability in the TeV-blazar VER J0521+211 during the major flare in 2020"}
# - {Comments: ""}
# - {Reference: "magic_2025a.yaml"}
# - {Status: "Checked"}

[from data line 281]
VER 0521+211, 57808.1590160337, , , , 4.44093031305568, 0.426977138223374, 0.426977138223374, , , Swift-UVOT, , V
VER 0521+211, 57808.1609891898, , , , 3.82809922054686, 0.9417190609431, 0.9417190609431, , , Swift-UVOT, , M2
VER 0521+211, 58027.4449810788, , , , 0.491302255171534, 0.239360251361124, 0.239360251361124, , , Swift-UVOT, , W1
VER 0521+211, 58027.4464049511, , , , 1.34566048233987, 0.225441303354189, 0.225441303354189, , , Swift-UVOT, , U
VER 0521+211, 58027.447302589, , , , 1.69560231533613, 0.271306462351539, 0.271306462351539, , , Swift-UVOT, , B
VER 0521+211, 58027.4496518091, , , , 0.722070063727903, 0.307188837118354, 0.307188837118354, , , Swift-UVOT, , W2
VER 0521+211, 58027.4520014762, , , , 2.57599897725372, 0.368630803298278, 0.368630803298278, , , Swift-UVOT, , V
VER 0521+211, 58046.3739397172, , , , 0.938937644572045, 0.280298151595976, 0.280298151595976, , , Swift-UVOT, , W1
VER 0521+211, 58046.375269031, , , , 0.960548058916009, 0.204689125518581, 0.204689125518581, , , Swift-UVOT, , U
VER 0521+211, 58046.3761820563, , , , 1.67872281629811, 0.267182140546417, 0.267182140546417, , , Swift-UVOT, , B
VER 0521+211, 58046.378380468, , , , 1.02426049781813, 0.340815485988638, 0.340815485988638, , , Swift-UVOT, , W2
VER 0521+211, 58046.3804991975, , , , 3.35679186232113, 0.410557414835365, 0.410557414835365, , , Swift-UVOT, , V
VER 0521+211, 58057.9316720785, , , , 0.752214258740583, 0.247103951893115, 0.247103951893115, , , Swift-UVOT, , W1
VER 0521+211, 58057.9331449224, , , , 0.92087405261206, 0.193593359752337, 0.193593359752337, , , Swift-UVOT, , U
VER 0521+211, 58057.9341485479, , , , 2.07369828178574, 0.26326017514815, 0.26326017514815, , , Swift-UVOT, , B
VER 0521+211, 58057.9389986915, , , , 2.50733296483516, 0.350028793748376, 0.350028793748376, , , Swift-UVOT, , V
VER 0521+211, 58100.3699978798, , , , 0.928261320277531, 0.2588068583951, 0.2588068583951, , , Swift-UVOT, , W1
VER 0521+211, 58100.3715110755, , , , 1.41458071223244, 0.216620518244376, 0.216620518244376, , , Swift-UVOT, , U
VER 0521+211, 58100.3725432409, , , , 2.18122408858073, 0.274617134300959, 0.274617134300959, , , Swift-UVOT, , B
VER 0521+211, 58100.3750473562, , , , 0.919317022052984, 0.290475291137364, 0.290475291137364, , , Swift-UVOT, , W2
VER 0521+211, 58100.3775418306, , , , 2.87482016814484, 0.368715873412427, 0.368715873412427, , , Swift-UVOT, , V
VER 0521+211, 58112.3279196783, , , , 0.736488219819345, 0.248655896379344, 0.248655896379344, , , Swift-UVOT, , W1
VER 0521+211, 58112.3294547098, , , , 1.69454231427125, 0.224352517831904, 0.224352517831904, , , Swift-UVOT, , U
VER 0521+211, 58112.3305012409, , , , 2.35810132330587, 0.270743110897712, 0.270743110897712, , , Swift-UVOT, , B
VER 0521+211, 58112.3355697437, , , , 3.06231509371082, 0.369646900906101, 0.369646900906101, , , Swift-UVOT, , V
VER 0521+211, 58404.4265153795, , , , 1.85119364373505, 0.082401741481684, 0.082401741481684, , , Swift-UVOT, , U
VER 0521+211, 58429.3967319644, , , , 1.37387998588187, 0.187090818681159, 0.187090818681159, , , Swift-UVOT, , W2
VER 0521+211, 58432.39172669, , , , 1.91667347546401, 0.092106083091795, 0.092106083091795, , , Swift-UVOT, , U
VER 0521+211, 58460.2880678762, , , , 1.63979003724533, 0.078106476093157, 0.078106476093157, , , Swift-UVOT, , U
VER 0521+211, 58464.9226907288, , , , 1.88662198434566, 0.097517378968778, 0.097517378968778, , , Swift-UVOT, , U
VER 0521+211, 58512.1476158148, , , , 2.04665408881528, 0.085345350367855, 0.085345350367855, , , Swift-UVOT, , U
VER 0521+211, 58516.202429836, , , , 1.87648817692215, 0.080720197913066, 0.080720197913066, , , Swift-UVOT, , U
VER 0521+211, 58520.1856226665, , , , 1.82797207997993, 0.082178311784482, 0.082178311784482, , , Swift-UVOT, , U
VER 0521+211, 58815.3369120416, , , , 1.85520637297269, 0.152550539941581, 0.152550539941581, , , Swift-UVOT, , W1
VER 0521+211, 58895.2291532192, , , , 1.37882157368488, 0.127737735849745, 0.127737735849745, , , Swift-UVOT, , W1
VER 0521+211, 58898.1407659853, , , , 1.31117112661032, 0.416537512292133, 0.416537512292133, , , Swift-UVOT, , M2
VER 0521+211, 58901.1373221794, , , , 1.08260744672522, 0.183481380140602, 0.183481380140602, , , Swift-UVOT, , W2
VER 0521+211, 58904.1279203929, , , , 2.0363593935057, 0.085072117195265, 0.085072117195265, , , Swift-UVOT, , U
VER 0521+211, 58905.1756986166, , , , 0.95453010399693, 0.170051793212175, 0.170051793212175, , , Swift-UVOT, , W2
VER 0521+211, 58906.3736024955, , , , 1.11928923918606, 0.309615917841386, 0.309615917841386, , , Swift-UVOT, , M2
VER 0521+211, 58907.8372608977, , , , 1.70051380461323, 0.460418512920553, 0.460418512920553, , , Swift-UVOT, , W1
VER 0521+211, 58907.8379487949, , , , 1.85075688044435, 0.349713965015694, 0.349713965015694, , , Swift-UVOT, , U
VER 0521+211, 58907.8384302721, , , , 3.43601706287357, 0.462575940288646, 0.462575940288646, , , Swift-UVOT, , B
VER 0521+211, 58907.8392961773, , , , 1.21854441772192, 0.572293898690817, 0.572293898690817, , , Swift-UVOT, , W2
VER 0521+211, 58908.832639617, , , , 1.58897015695661, 0.43020743770936, 0.43020743770936, , , Swift-UVOT, , W1
VER 0521+211, 58908.833384275, , , , 1.81901807762091, 0.337727658775227, 0.337727658775227, , , Swift-UVOT, , U
VER 0521+211, 58908.8338990169, , , , 2.55781608301627, 0.416322040906194, 0.416322040906194, , , Swift-UVOT, , B
VER 0521+211, 58908.8351288553, , , , 1.25416860696258, 0.456572256531401, 0.456572256531401, , , Swift-UVOT, , W2
VER 0521+211, 58908.8363489889, , , , 3.53503963351439, 0.567603399107943, 0.567603399107943, , , Swift-UVOT, , V
VER 0521+211, 58919.8425372414, , , , 1.21913847124514, 0.203097721697435, 0.203097721697435, , , Swift-UVOT, , W1
VER 0521+211, 58919.8462391431, , , , 2.00870110969255, 0.172137312100606, 0.172137312100606, , , Swift-UVOT, , U
VER 0521+211, 58919.8487237846, , , , 2.37292081317434, 0.189935255489437, 0.189935255489437, , , Swift-UVOT, , B
VER 0521+211, 58920.9048131163, , , , 2.29663037973445, 0.386167158471986, 0.386167158471986, , , Swift-UVOT, , W1
VER 0521+211, 58920.906249822, , , , 1.52295656678361, 0.277695475948318, 0.277695475948318, , , Swift-UVOT, , U
VER 0521+211, 58920.9072361445, , , , 2.60326676970663, 0.340502892526403, 0.340502892526403, , , Swift-UVOT, , B
VER 0521+211, 58920.9096115423, , , , 0.653173079625395, 0.320961853400914, 0.320961853400914, , , Swift-UVOT, , W2
VER 0521+211, 58920.9119759581, , , , 2.88078619433119, 0.403404646942366, 0.403404646942366, , , Swift-UVOT, , V
VER 0521+211, 58920.9137008095, , , , 1.99696310585634, 0.944214152519272, 0.944214152519272, , , Swift-UVOT, , M2
VER 0521+211, 58921.9028681438, , , , 0.998472736291481, 0.284690570876329, 0.284690570876329, , , Swift-UVOT, , W1
VER 0521+211, 58921.9044326093, , , , 2.14377500763689, 0.26295916029099, 0.26295916029099, , , Swift-UVOT, , U
VER 0521+211, 58921.9054913352, , , , 2.17106633628698, 0.293985709808606, 0.293985709808606, , , Swift-UVOT, , B
VER 0521+211, 58921.9080726426, , , , 1.42265171164118, 0.336826066950629, 0.336826066950629, , , Swift-UVOT, , W2
VER 0521+211, 58921.9106429043, , , , 3.39078646303848, 0.398119156859432, 0.398119156859432, , , Swift-UVOT, , V
VER 0521+211, 59164.4452867538, , , , 1.2414423894749, 0.352268168433345, 0.352268168433345, , , Swift-UVOT, , W1
VER 0521+211, 59164.446206866, , , , 2.02179525421963, 0.302071305086442, 0.302071305086442, , , Swift-UVOT, , U
VER 0521+211, 59164.4468385772, , , , 2.36693680832098, 0.348279783347821, 0.348279783347821, , , Swift-UVOT, , B
VER 0521+211, 59164.4483584126, , , , 0.895811068146711, 0.378821746424751, 0.378821746424751, , , Swift-UVOT, , W2
VER 0521+211, 59164.4498652229, , , , 3.96886260832398, 0.506787602588692, 0.506787602588692, , , Swift-UVOT, , V
VER 0521+211, 59178.7818411185, , , , 1.06405923102962, 0.2821011546797, 0.2821011546797, , , Swift-UVOT, , W1
VER 0521+211, 59178.7831856279, , , , 1.9517318922366, 0.246865682778433, 0.246865682778433, , , Swift-UVOT, , U
VER 0521+211, 59178.7841070808, , , , 2.85604329756406, 0.302441668674392, 0.302441668674392, , , Swift-UVOT, , B
VER 0521+211, 59178.786333266, , , , 0.672398222026389, 0.290259274893617, 0.290259274893617, , , Swift-UVOT, , W2
VER 0521+211, 59178.7885510232, , , , 3.90195853905699, 0.417806105663828, 0.417806105663828, , , Swift-UVOT, , V
VER 0521+211, 59181.9567046485, , , , 1.27308484421808, 0.404300608588787, 0.404300608588787, , , Swift-UVOT, , W1
VER 0521+211, 59181.9574505202, , , , 1.21953313385983, 0.303764359059437, 0.303764359059437, , , Swift-UVOT, , U
VER 0521+211, 59181.9579617503, , , , 2.44005975346889, 0.404306397512652, 0.404306397512652, , , Swift-UVOT, , B
VER 0521+211, 59181.9591876944, , , , 0.90605028764469, 0.43225723050006, 0.43225723050006, , , Swift-UVOT, , W2
VER 0521+211, 59181.9604009326, , , , 3.99123529116648, 0.583946681596546, 0.583946681596546, , , Swift-UVOT, , V
VER 0521+211, 59181.9615639864, , , , 2.54536027177086, 1.04605668791073, 1.04605668791073, , , Swift-UVOT, , M2
VER 0521+211, 59194.3026157859, , , , 1.59879151449962, 0.32441646571262, 0.32441646571262, , , Swift-UVOT, , W1
VER 0521+211, 59194.3039121539, , , , 1.69488372782947, 0.249636385689376, 0.249636385689376, , , Swift-UVOT, , U
VER 0521+211, 59194.3048035984, , , , 2.6078458471255, 0.312130865235998, 0.312130865235998, , , Swift-UVOT, , B
VER 0521+211, 59194.3069490797, , , , 0.919871296885124, 0.312655479804838, 0.312655479804838, , , Swift-UVOT, , W2
VER 0521+211, 59194.3090893253, , , , 3.97665016682305, 0.439664571155456, 0.439664571155456, , , Swift-UVOT, , V
VER 0521+211, 59194.3106544928, , , , 1.8481899484362, 0.888664140941467, 0.888664140941467, , , Swift-UVOT, , M2
VER 0521+211, 59197.3689543875, , , , 1.04519531656327, 0.296288478720452, 0.296288478720452, , , Swift-UVOT, , W1
VER 0521+211, 59197.370253054, , , , 1.765706102075, 0.255287439643031, 0.255287439643031, , , Swift-UVOT, , U
VER 0521+211, 59197.3711365814, , , , 2.00155057886936, 0.30106602820979, 0.30106602820979, , , Swift-UVOT, , B
VER 0521+211, 59197.3732890221, , , , 1.17227993549176, 0.33617386679813, 0.33617386679813, , , Swift-UVOT, , W2
VER 0521+211, 59197.3754224361, , , , 3.37570769666681, 0.425274398968381, 0.425274398968381, , , Swift-UVOT, , V
VER 0521+211, 59197.3771562261, , , , 1.91511515385565, 0.866389456607727, 0.866389456607727, , , Swift-UVOT, , M2
VER 0521+211, 59200.3604082932, , , , 1.92630569124274, 0.090594643378868, 0.090594643378868, , , Swift-UVOT, , U
VER 0521+211, 59206.8627679854, , , , 1.21708083281729, 0.26400947835797, 0.26400947835797, , , Swift-UVOT, , W1
VER 0521+211, 59206.8644915597, , , , 1.9113232434529, 0.224848903064281, 0.224848903064281, , , Swift-UVOT, , U
VER 0521+211, 59206.8656627221, , , , 2.93084926252791, 0.27799652740443, 0.27799652740443, , , Swift-UVOT, , B
VER 0521+211, 59206.8666252932, , , , 1.76196034998642, 0.817717821411257, 0.817717821411257, , , Swift-UVOT, , W2
VER 0521+211, 59213.6251177705, , , , 1.53691018311609, 0.43993891460286, 0.43993891460286, , , Swift-UVOT, , W1
VER 0521+211, 59213.6258349741, , , , 2.09996594606127, 0.353468618409646, 0.353468618409646, , , Swift-UVOT, , U
VER 0521+211, 59213.6263377763, , , , 2.97910655672398, 0.429833293561122, 0.429833293561122, , , Swift-UVOT, , B
VER 0521+211, 59213.6275243898, , , , 1.20976112194074, 0.460476074860353, 0.460476074860353, , , Swift-UVOT, , W2
VER 0521+211, 59213.6286950413, , , , 2.89877196375808, 0.531334185582603, 0.531334185582603, , , Swift-UVOT, , V
VER 0521+211, 59213.6297370393, , , , -0.129607929848948, 0.815074025685602, 0.815074025685602, , , Swift-UVOT, , M2
VER 0521+211, 59220.0036817168, , , , 1.11806616799036, 0.211908868430206, 0.211908868430206, , , Swift-UVOT, , W1
VER 0521+211, 59220.0061137475, , , , 1.60582482999856, 0.176072270098825, 0.176072270098825, , , Swift-UVOT, , U
VER 0521+211, 59220.0077506163, , , , 2.65374230822772, 0.224359979654139, 0.224359979654139, , , Swift-UVOT, , B
VER 0521+211, 59220.0117958923, , , , 1.01909726888817, 0.235354053461612, 0.235354053461612, , , Swift-UVOT, , W2
VER 0521+211, 59220.0158183107, , , , 3.28058748244108, 0.297588431751924, 0.297588431751924, , , Swift-UVOT, , V
VER 0521+211, 59222.2075914491, , , , 1.82634612788241, 0.461342814673549, 0.461342814673549, , , Swift-UVOT, , M2
VER 0521+211, 59225.1931304221, , , , 1.34622263797637, 0.194214949368338, 0.194214949368338, , , Swift-UVOT, , W2
VER 0521+211, 59227.7684535549, , , , 1.74480283470046, 0.245012919255749, 0.245012919255749, , , Swift-UVOT, , W1
VER 0521+211, 59227.7708473408, , , , 2.01362593520492, 0.190118288534387, 0.190118288534387, , , Swift-UVOT, , U
VER 0521+211, 59227.7724625652, , , , 2.91100551125839, 0.230202848922901, 0.230202848922901, , , Swift-UVOT, , B
VER 0521+211, 59227.776434097, , , , 1.01798007900273, 0.236761332460806, 0.236761332460806, , , Swift-UVOT, , W2
VER 0521+211, 59227.7804005209, , , , 4.31134928064148, 0.326712863288304, 0.326712863288304, , , Swift-UVOT, , V
VER 0521+211, 59227.7836469319, , , , 2.76416156978613, 0.661062644733117, 0.661062644733117, , , Swift-UVOT, , M2
VER 0521+211, 59228.2394173057, , , , 2.20805445011594, 0.104383474856992, 0.104383474856992, , , Swift-UVOT, , U
VER 0521+211, 59231.2322561775, , , , 1.28914536851352, 0.127810350255895, 0.127810350255895, , , Swift-UVOT, , W1
VER 0521+211, 59250.2117354143, , , , 1.71393553079694, 0.37954177905684, 0.37954177905684, , , Swift-UVOT, , M2
VER 0521+211, 59252.2044983383, , , , 2.24516631683432, 0.093729828911323, 0.093729828911323, , , Swift-UVOT, , U
VER 0521+211, 59254.1234711878, , , , 1.71625595740443, 0.405366886027495, 0.405366886027495, , , Swift-UVOT, , M2
VER 0521+211, 59256.19440208, , , , 2.36799735644872, 0.095487595734676, 0.095487595734676, , , Swift-UVOT, , U
VER 0521+211, 59283.0039530268, , , , 1.25823890456613, 0.171103656387872, 0.171103656387872, , , Swift-UVOT, , W1
VER 0521+211, 59286.1828120569, , , , 1.2890735841181, 0.403646638538343, 0.403646638538343, , , Swift-UVOT, , M2
