ecsv/2025f_B21811+31/magic_2025f_fig1_lc_OpticalRband.ecsv
# %ECSV 0.9
# ---
# delimiter: ','
# datatype:
# - {name: srcname   , unit: latex, datatype: string  , description: Source name                             }
# - {name: t         , unit: mjd  , datatype: float32 , description: Time of measurement                     }
# - {name: t_wlo     , unit: d    , datatype: float32 , description: Lower width of time bin                 }
# - {name: t_wup     , unit: d    , datatype: float32 , description: Upper width of time bin                 }
# - {name: t_exp     , unit: d    , datatype: float32 , description: Exposure time                           }
# - {name: flux      , unit: mJy   , datatype: float32 , description: Flux measured above the energy threshold}
# - {name: flux_elo  , unit: mJy   , datatype: float32 , description: Lower uncertainty of flux               }
# - {name: flux_eup  , unit: mJy   , datatype: float32 , description: Upper uncertainty of flux               }
# - {name: eth_lo    , unit: nm   , datatype: float32 , description: Assumed lower energy threshold for integral flux calculation}
# - {name: eth_up    , unit: nm   , datatype: float32 , description: Assumed upper energy threshold for integral flux calculation}
# - {name: instrument, unit: latex, datatype: string  , description: Instrument                              }
# - {name: dataformat, unit: latex, datatype: string  , description: Data Format                             }
# - {name: comments  , unit: latex, datatype: string  , description: Comments                                }
# meta: !!omap
# - {Filename : "magic_2025f_fig1_lc_OpticalRband.ecsv"}
# - {Source   : "B2-1811+31"}
# - {Figure   : "Fig. 1 Long-term light-curve"}
# - {Title    : "Very-high-energy gamma-ray detection and long-term multi-wavelength view of the flaring blazar B2 1811+31"}
# - {Comments : "Only optical R-band data"}
# - {Reference: "magic_2025.yaml"}
# - {Status   : "checked"}

[from data line 1138]
B2-1811+31,59689.055,0.0,0.0,0.0,1.03381,0.02248085,0.02248085,520.0,796.0,Wurzburg,,
B2-1811+31,59691.098,0.0,0.0,0.0,1.0439135,0.02049173,0.02049173,520.0,796.0,Wurzburg,,
B2-1811+31,59710.945,0.0,0.0,0.0,0.9198937,0.026355986,0.026355986,520.0,796.0,Wurzburg,,
B2-1811+31,59726.06,0.0,0.0,0.0,0.96538293,0.014241269,0.014241269,520.0,796.0,Wurzburg,,
B2-1811+31,59732.996,0.0,0.0,0.0,0.8578885,0.012904723,0.012904723,520.0,796.0,Wurzburg,,
B2-1811+31,59742.008,0.0,0.0,0.0,0.98238695,0.020491697,0.020491697,520.0,796.0,Wurzburg,,
B2-1811+31,59753.953,0.0,0.0,0.0,0.9008134,0.014347295,0.014347295,520.0,796.0,Wurzburg,,
B2-1811+31,59762.996,0.0,0.0,0.0,0.8607603,0.012080492,0.012080492,520.0,796.0,Wurzburg,,
B2-1811+31,59775.0,0.0,0.0,0.0,0.80935174,0.02280128,0.02280128,520.0,796.0,Wurzburg,,
B2-1811+31,59781.977,0.0,0.0,0.0,0.8111759,0.014858732,0.014858732,520.0,796.0,Wurzburg,,
B2-1811+31,59793.98,0.0,0.0,0.0,0.9188811,0.012755122,0.012755122,520.0,796.0,Wurzburg,,
B2-1811+31,59798.86,0.0,0.0,0.0,0.91383225,0.017351614,0.017351614,520.0,796.0,Wurzburg,,
B2-1811+31,59802.035,0.0,0.0,0.0,0.8655642,0.0328041,0.0328041,520.0,796.0,Wurzburg,,
B2-1811+31,59804.996,0.0,0.0,0.0,0.8493207,0.027508888,0.027508888,520.0,796.0,Wurzburg,,
B2-1811+31,59808.004,0.0,0.0,0.0,0.9219217,0.0314918,0.0314918,520.0,796.0,Wurzburg,,
B2-1811+31,59811.023,0.0,0.0,0.0,0.7735659,0.029917695,0.029917695,520.0,796.0,Wurzburg,,
B2-1811+31,59812.87,0.0,0.0,0.0,0.872327,0.013969152,0.013969152,520.0,796.0,Wurzburg,,
B2-1811+31,59815.035,0.0,0.0,0.0,0.88598406,0.018792212,0.018792212,520.0,796.0,Wurzburg,,
B2-1811+31,59816.03,0.0,0.0,0.0,0.9270079,0.017560622,0.017560622,520.0,796.0,Wurzburg,,
B2-1811+31,59821.01,0.0,0.0,0.0,0.9209072,0.017463846,0.017463846,520.0,796.0,Wurzburg,,
B2-1811+31,59833.844,0.0,0.0,0.0,0.8713582,0.025192963,0.025192963,520.0,796.0,Wurzburg,,
B2-1811+31,59851.805,0.0,0.0,0.0,0.8436482,0.017138729,0.017138729,520.0,796.0,Wurzburg,,
B2-1811+31,59855.812,0.0,0.0,0.0,0.780618,0.016934715,0.016934715,520.0,796.0,Wurzburg,,
B2-1811+31,59857.875,0.0,0.0,0.0,0.7066469,0.02533947,0.02533947,520.0,796.0,Wurzburg,,
B2-1811+31,59860.848,0.0,0.0,0.0,0.6474671,0.02828774,0.02828774,520.0,796.0,Wurzburg,,
B2-1811+31,59861.88,0.0,0.0,0.0,0.7735659,0.033495218,0.033495218,520.0,796.0,Wurzburg,,
B2-1811+31,59870.832,0.0,0.0,0.0,0.7510022,0.037983444,0.037983444,520.0,796.0,Wurzburg,,
B2-1811+31,59878.824,0.0,0.0,0.0,0.81850606,0.02119321,0.02119321,520.0,796.0,Wurzburg,,
B2-1811+31,59884.824,0.0,0.0,0.0,0.8559784,0.02105043,0.02105043,520.0,796.0,Wurzburg,,
B2-1811+31,59893.793,0.0,0.0,0.0,0.785052,0.03754268,0.03754268,520.0,796.0,Wurzburg,,
B2-1811+31,59925.773,0.0,0.0,0.0,0.88206404,0.036307663,0.036307663,520.0,796.0,Wurzburg,,
B2-1811+31,59929.76,0.0,0.0,0.0,0.89287895,0.02966624,0.02966624,520.0,796.0,Wurzburg,,
B2-1811+31,59127.785,0.0,0.0,0.0,2.560001,0.04830342,0.04830342,520.0,796.0,Siena,,
B2-1811+31,59138.81,0.0,0.0,0.0,2.7290468,0.09944851,0.09944851,520.0,796.0,Siena,,
B2-1811+31,59143.816,0.0,0.0,0.0,2.5099902,0.031223718,0.031223718,520.0,796.0,Siena,,
