ecsv/2025f_B21811+31/magic_2025f_fig3_lc_Fermi.ecsv
# %ECSV 0.9
# ---
# delimiter: ','
# datatype:
# - {name: srcname   , unit: latex, datatype: string  , description: Source name                             }
# - {name: t         , unit: mjd  , datatype: float32 , description: Time of measurement                     }
# - {name: t_wlo     , unit: d    , datatype: float32 , description: Lower width of time bin                 }
# - {name: t_wup     , unit: d    , datatype: float32 , description: Upper width of time bin                 }
# - {name: t_exp     , unit: d    , datatype: float32 , description: Exposure time                           }
# - {name: flux      , unit: cm-2 s-1   , datatype: float32 , description: Flux measured above the energy threshold}
# - {name: flux_elo  , unit: cm-2 s-1   , datatype: float32 , description: Lower uncertainty of flux               }
# - {name: flux_eup  , unit: cm-2 s-1   , datatype: float32 , description: Upper uncertainty of flux               }
# - {name: eth_lo    , unit: GeV   , datatype: float32 , description: Assumed lower energy threshold for integral flux calculation}
# - {name: eth_up    , unit: GeV   , datatype: float32 , description: Assumed upper energy threshold for integral flux calculation}
# - {name: instrument, unit: latex, datatype: string  , description: Instrument                              }
# - {name: dataformat, unit: latex, datatype: string  , description: Data Format                             }
# - {name: comments  , unit: latex, datatype: string  , description: Comments                                }
# meta: !!omap
# - {Filename : "magic_2025f_fig3_lc_Fermi.ecsv"}
# - {Source   : "B2-1811+31"}
# - {Figure   : "Fig. 3 Flare light-curve in a 70-day period surrounding MAGIC campaign"}
# - {Title    : "Very-high-energy gamma-ray detection and long-term multi-wavelength view of the flaring blazar B2 1811+31"}
# - {Comments : "Only Fermi-LAT data between 0.1-1000 GeV"}
# - {Reference: "magic_2025f.yaml"}
# - {Status   : "checked"}

srcname,t,t_wlo,t_wup,t_exp,flux,flux_elo,flux_eup,eth_lo,eth_up,instrument,dataformat,comments
B2-1811+31,58900.89,0.5,0.5,1.0,8.1980076e-08,5.7386057e-08,5.7386057e-08,0.1,1000.0,Fermi-LAT,UL,
B2-1811+31,58901.89,0.5,0.5,1.0,2.2958763e-07,1.6071134e-07,1.6071134e-07,0.1,1000.0,Fermi-LAT,UL,
B2-1811+31,58902.89,0.5,0.5,1.0,1.3308015e-07,6.90498e-08,6.90498e-08,0.1,1000.0,Fermi-LAT,,
B2-1811+31,58903.89,0.5,0.5,1.0,2.232944e-07,1.3351625e-07,1.3351625e-07,0.1,1000.0,Fermi-LAT,,
B2-1811+31,58904.89,0.5,0.5,1.0,1.8338652e-07,1.2837056e-07,1.2837056e-07,0.1,1000.0,Fermi-LAT,UL,
B2-1811+31,58905.89,0.5,0.5,1.0,1.9207036e-07,1.3444925e-07,1.3444925e-07,0.1,1000.0,Fermi-LAT,UL,
B2-1811+31,58906.89,0.5,0.5,1.0,1.3283353e-07,9.298348e-08,9.298348e-08,0.1,1000.0,Fermi-LAT,UL,
B2-1811+31,58907.89,0.5,0.5,1.0,1.7763918e-07,1.2434742e-07,1.2434742e-07,0.1,1000.0,Fermi-LAT,UL,
B2-1811+31,58908.89,0.5,0.5,1.0,9.663014e-08,6.7641096e-08,6.7641096e-08,0.1,1000.0,Fermi-LAT,UL,
B2-1811+31,58909.89,0.5,0.5,1.0,8.752398e-08,6.126678e-08,6.126678e-08,0.1,1000.0,Fermi-LAT,UL,
B2-1811+31,58910.89,0.5,0.5,1.0,1.051905e-07,7.363335e-08,7.363335e-08,0.1,1000.0,Fermi-LAT,UL,
B2-1811+31,58911.89,0.5,0.5,1.0,8.83272e-08,6.182904e-08,6.182904e-08,0.1,1000.0,Fermi-LAT,UL,
B2-1811+31,58912.89,0.5,0.5,1.0,5.9828636e-08,4.5497767e-08,4.5497767e-08,0.1,1000.0,Fermi-LAT,,
B2-1811+31,58913.89,0.5,0.5,1.0,8.847036e-08,6.192925e-08,6.192925e-08,0.1,1000.0,Fermi-LAT,UL,
B2-1811+31,58914.89,0.5,0.5,1.0,2.404528e-07,1.6831696e-07,1.6831696e-07,0.1,1000.0,Fermi-LAT,UL,
B2-1811+31,58915.89,0.5,0.5,1.0,5.553551e-08,3.8874855e-08,3.8874855e-08,0.1,1000.0,Fermi-LAT,UL,
B2-1811+31,58916.89,0.5,0.5,1.0,6.739587e-08,5.289885e-08,5.289885e-08,0.1,1000.0,Fermi-LAT,,
B2-1811+31,58917.89,0.5,0.5,1.0,1.4606209e-07,1.0224346e-07,1.0224346e-07,0.1,1000.0,Fermi-LAT,UL,
B2-1811+31,58918.89,0.5,0.5,1.0,1.0593514e-07,9.062074e-08,9.062074e-08,0.1,1000.0,Fermi-LAT,,
B2-1811+31,58919.89,0.5,0.5,1.0,4.296487e-08,3.007541e-08,3.007541e-08,0.1,1000.0,Fermi-LAT,UL,
B2-1811+31,58920.89,0.5,0.5,1.0,3.1028577e-08,2.1720004e-08,2.1720004e-08,0.1,1000.0,Fermi-LAT,UL,
B2-1811+31,58921.89,0.5,0.5,1.0,1.1932418e-07,8.352693e-08,8.352693e-08,0.1,1000.0,Fermi-LAT,UL,
B2-1811+31,58922.89,0.5,0.5,1.0,1.1629431e-07,8.1406014e-08,8.1406014e-08,0.1,1000.0,Fermi-LAT,UL,
B2-1811+31,58923.89,0.5,0.5,1.0,1.874653e-07,1.3122572e-07,1.3122572e-07,0.1,1000.0,Fermi-LAT,UL,
B2-1811+31,58924.89,0.5,0.5,1.0,5.4236086e-08,3.796526e-08,3.796526e-08,0.1,1000.0,Fermi-LAT,UL,
B2-1811+31,58925.89,0.5,0.5,1.0,4.605468e-08,3.2238276e-08,3.2238276e-08,0.1,1000.0,Fermi-LAT,UL,
B2-1811+31,58926.89,0.5,0.5,1.0,8.297181e-08,5.8080268e-08,5.8080268e-08,0.1,1000.0,Fermi-LAT,UL,
B2-1811+31,58927.89,0.5,0.5,1.0,1.8688726e-07,1.3082108e-07,1.3082108e-07,0.1,1000.0,Fermi-LAT,UL,
B2-1811+31,58928.89,0.5,0.5,1.0,1.4892841e-07,1.04249885e-07,1.04249885e-07,0.1,1000.0,Fermi-LAT,UL,
B2-1811+31,58929.89,0.5,0.5,1.0,1.2151759e-07,8.506231e-08,8.506231e-08,0.1,1000.0,Fermi-LAT,UL,
B2-1811+31,58930.89,0.5,0.5,1.0,2.0182945e-07,1.4128062e-07,1.4128062e-07,0.1,1000.0,Fermi-LAT,UL,
B2-1811+31,58931.89,0.5,0.5,1.0,5.22435e-08,3.657045e-08,3.657045e-08,0.1,1000.0,Fermi-LAT,UL,
B2-1811+31,58932.89,0.5,0.5,1.0,1.7822924e-07,1.2476048e-07,1.2476048e-07,0.1,1000.0,Fermi-LAT,UL,
B2-1811+31,58933.89,0.5,0.5,1.0,6.991912e-08,4.8943384e-08,4.8943384e-08,0.1,1000.0,Fermi-LAT,UL,
B2-1811+31,58934.89,0.5,0.5,1.0,1.8378728e-07,1.286511e-07,1.286511e-07,0.1,1000.0,Fermi-LAT,UL,
B2-1811+31,58935.89,0.5,0.5,1.0,1.2101788e-07,7.187124e-08,7.187124e-08,0.1,1000.0,Fermi-LAT,,
B2-1811+31,58936.89,0.5,0.5,1.0,1.572531e-07,1.1007717e-07,1.1007717e-07,0.1,1000.0,Fermi-LAT,UL,
B2-1811+31,58937.89,0.5,0.5,1.0,7.821254e-08,5.4748774e-08,5.4748774e-08,0.1,1000.0,Fermi-LAT,UL,
B2-1811+31,58938.89,0.5,0.5,1.0,7.0415055e-08,4.9290538e-08,4.9290538e-08,0.1,1000.0,Fermi-LAT,UL,
B2-1811+31,58939.89,0.5,0.5,1.0,6.193577e-08,4.4180332e-08,4.4180332e-08,0.1,1000.0,Fermi-LAT,,
B2-1811+31,58940.89,0.5,0.5,1.0,4.305544e-08,3.0138807e-08,3.0138807e-08,0.1,1000.0,Fermi-LAT,UL,
B2-1811+31,58941.89,0.5,0.5,1.0,4.7083546e-08,3.2958482e-08,3.2958482e-08,0.1,1000.0,Fermi-LAT,UL,
B2-1811+31,58942.89,0.5,0.5,1.0,8.575083e-08,6.002558e-08,6.002558e-08,0.1,1000.0,Fermi-LAT,UL,
B2-1811+31,58943.89,0.5,0.5,1.0,1.0749644e-07,7.5247506e-08,7.5247506e-08,0.1,1000.0,Fermi-LAT,UL,
B2-1811+31,58944.89,0.5,0.5,1.0,1.3867776e-07,9.7074434e-08,9.7074434e-08,0.1,1000.0,Fermi-LAT,UL,
B2-1811+31,58945.89,0.5,0.5,1.0,5.478439e-08,4.879155e-08,4.879155e-08,0.1,1000.0,Fermi-LAT,,
B2-1811+31,58946.89,0.5,0.5,1.0,1.7975836e-07,1.2583085e-07,1.2583085e-07,0.1,1000.0,Fermi-LAT,UL,
B2-1811+31,58947.89,0.5,0.5,1.0,3.4120784e-08,3.3925723e-08,3.3925723e-08,0.1,1000.0,Fermi-LAT,,
B2-1811+31,58948.89,0.5,0.5,1.0,1.5909562e-07,1.1136694e-07,1.1136694e-07,0.1,1000.0,Fermi-LAT,UL,
B2-1811+31,58949.89,0.5,0.5,1.0,1.3968425e-07,1.7773985e-07,1.7773985e-07,0.1,1000.0,Fermi-LAT,,
B2-1811+31,58950.89,0.5,0.5,1.0,7.205656e-08,5.1807575e-08,5.1807575e-08,0.1,1000.0,Fermi-LAT,,
B2-1811+31,58951.89,0.5,0.5,1.0,1.0617309e-07,6.757394e-08,6.757394e-08,0.1,1000.0,Fermi-LAT,,
B2-1811+31,58952.89,0.5,0.5,1.0,1.5035786e-07,1.0525051e-07,1.0525051e-07,0.1,1000.0,Fermi-LAT,UL,
B2-1811+31,58953.89,0.5,0.5,1.0,8.1637964e-08,5.7146572e-08,5.7146572e-08,0.1,1000.0,Fermi-LAT,UL,
B2-1811+31,58954.89,0.5,0.5,1.0,1.493505e-08,1.15468195e-08,1.15468195e-08,0.1,1000.0,Fermi-LAT,,
B2-1811+31,58955.89,0.5,0.5,1.0,6.116791e-08,4.2817536e-08,4.2817536e-08,0.1,1000.0,Fermi-LAT,UL,
B2-1811+31,58956.89,0.5,0.5,1.0,1.4985876e-08,1.0727057e-08,1.0727057e-08,0.1,1000.0,Fermi-LAT,,
B2-1811+31,58957.89,0.5,0.5,1.0,1.754433e-07,1.2281032e-07,1.2281032e-07,0.1,1000.0,Fermi-LAT,UL,
B2-1811+31,58958.89,0.5,0.5,1.0,1.9228169e-07,1.3459717e-07,1.3459717e-07,0.1,1000.0,Fermi-LAT,UL,
B2-1811+31,58959.89,0.5,0.5,1.0,1.6919275e-07,7.844269e-08,7.844269e-08,0.1,1000.0,Fermi-LAT,,
B2-1811+31,58960.89,0.5,0.5,1.0,2.7467286e-07,8.392473e-08,8.392473e-08,0.1,1000.0,Fermi-LAT,,
B2-1811+31,58961.89,0.5,0.5,1.0,2.5964638e-07,8.3799755e-08,8.3799755e-08,0.1,1000.0,Fermi-LAT,,
B2-1811+31,58962.89,0.5,0.5,1.0,9.53978e-08,6.106616e-08,6.106616e-08,0.1,1000.0,Fermi-LAT,,
B2-1811+31,58963.89,0.5,0.5,1.0,1.06066025e-07,5.7202147e-08,5.7202147e-08,0.1,1000.0,Fermi-LAT,,
B2-1811+31,58964.89,0.5,0.5,1.0,6.234766e-08,3.61654e-08,3.61654e-08,0.1,1000.0,Fermi-LAT,,
B2-1811+31,58965.89,0.5,0.5,1.0,9.140663e-08,3.6599857e-08,3.6599857e-08,0.1,1000.0,Fermi-LAT,,
B2-1811+31,58966.89,0.5,0.5,1.0,2.9716919e-08,2.2890701e-08,2.2890701e-08,0.1,1000.0,Fermi-LAT,,
B2-1811+31,58967.89,0.5,0.5,1.0,7.963236e-08,6.156271e-08,6.156271e-08,0.1,1000.0,Fermi-LAT,,
B2-1811+31,58968.89,0.5,0.5,1.0,7.573635e-08,4.1483684e-08,4.1483684e-08,0.1,1000.0,Fermi-LAT,,
B2-1811+31,58969.89,0.5,0.5,1.0,6.0153916e-08,4.483032e-08,4.483032e-08,0.1,1000.0,Fermi-LAT,,
B2-1811+31,58970.89,0.5,0.5,1.0,1.8167572e-07,1.27173e-07,1.27173e-07,0.1,1000.0,Fermi-LAT,UL,
B2-1811+31,58971.89,0.5,0.5,1.0,1.8076118e-07,1.2653283e-07,1.2653283e-07,0.1,1000.0,Fermi-LAT,UL,
B2-1811+31,58972.89,0.5,0.5,1.0,1.8104707e-08,1.2939084e-08,1.2939084e-08,0.1,1000.0,Fermi-LAT,,
B2-1811+31,58973.89,0.5,0.5,1.0,6.1440325e-08,4.3008228e-08,4.3008228e-08,0.1,1000.0,Fermi-LAT,UL,
B2-1811+31,58974.89,0.5,0.5,1.0,2.6698277e-08,1.5778722e-08,1.5778722e-08,0.1,1000.0,Fermi-LAT,,
B2-1811+31,58975.89,0.5,0.5,1.0,6.081929e-08,3.9597992e-08,3.9597992e-08,0.1,1000.0,Fermi-LAT,,
B2-1811+31,58976.89,0.5,0.5,1.0,8.7409624e-08,6.058084e-08,6.058084e-08,0.1,1000.0,Fermi-LAT,,
B2-1811+31,58977.89,0.5,0.5,1.0,2.037725e-08,1.524796e-08,1.524796e-08,0.1,1000.0,Fermi-LAT,,
B2-1811+31,58978.89,0.5,0.5,1.0,8.024807e-08,5.617365e-08,5.617365e-08,0.1,1000.0,Fermi-LAT,UL,
B2-1811+31,58979.89,0.5,0.5,1.0,8.607255e-08,6.025079e-08,6.025079e-08,0.1,1000.0,Fermi-LAT,UL,
B2-1811+31,58980.89,0.5,0.5,1.0,4.9667822e-08,3.4767474e-08,3.4767474e-08,0.1,1000.0,Fermi-LAT,UL,
B2-1811+31,58981.89,0.5,0.5,1.0,1.8282984e-07,1.2939138e-07,1.2939138e-07,0.1,1000.0,Fermi-LAT,,
B2-1811+31,58982.89,0.5,0.5,1.0,2.5709272e-07,1.270279e-07,1.270279e-07,0.1,1000.0,Fermi-LAT,,
B2-1811+31,58983.89,0.5,0.5,1.0,1.6781642e-07,1.174715e-07,1.174715e-07,0.1,1000.0,Fermi-LAT,UL,
B2-1811+31,58984.89,0.5,0.5,1.0,9.893756e-08,6.6291285e-08,6.6291285e-08,0.1,1000.0,Fermi-LAT,,
B2-1811+31,58985.89,0.5,0.5,1.0,6.2076076e-08,4.7532954e-08,4.7532954e-08,0.1,1000.0,Fermi-LAT,,
B2-1811+31,58986.89,0.5,0.5,1.0,1.7450306e-07,1.00267776e-07,1.00267776e-07,0.1,1000.0,Fermi-LAT,,
B2-1811+31,58987.89,0.5,0.5,1.0,4.376187e-08,4.490142e-08,4.490142e-08,0.1,1000.0,Fermi-LAT,,
B2-1811+31,58988.89,0.5,0.5,1.0,5.0487955e-08,3.5341568e-08,3.5341568e-08,0.1,1000.0,Fermi-LAT,UL,
B2-1811+31,58989.89,0.5,0.5,1.0,1.2818009e-07,8.9726065e-08,8.9726065e-08,0.1,1000.0,Fermi-LAT,UL,
B2-1811+31,58990.89,0.5,0.5,1.0,9.672282e-08,6.7705976e-08,6.7705976e-08,0.1,1000.0,Fermi-LAT,UL,
B2-1811+31,58991.89,0.5,0.5,1.0,1.2371288e-07,7.2570245e-08,7.2570245e-08,0.1,1000.0,Fermi-LAT,,
B2-1811+31,58992.89,0.5,0.5,1.0,3.576727e-08,2.5037087e-08,2.5037087e-08,0.1,1000.0,Fermi-LAT,UL,
B2-1811+31,58993.89,0.5,0.5,1.0,1.04503194e-07,7.3152236e-08,7.3152236e-08,0.1,1000.0,Fermi-LAT,UL,
B2-1811+31,58994.89,0.5,0.5,1.0,7.1800045e-08,5.0675425e-08,5.0675425e-08,0.1,1000.0,Fermi-LAT,,
B2-1811+31,58995.89,0.5,0.5,1.0,2.7565871e-08,1.885064e-08,1.885064e-08,0.1,1000.0,Fermi-LAT,,
B2-1811+31,58996.89,0.5,0.5,1.0,8.9902414e-08,6.293169e-08,6.293169e-08,0.1,1000.0,Fermi-LAT,UL,
B2-1811+31,58997.89,0.5,0.5,1.0,1.2556343e-07,8.7894406e-08,8.7894406e-08,0.1,1000.0,Fermi-LAT,UL,
B2-1811+31,58998.89,0.5,0.5,1.0,1.892217e-07,8.857262e-08,8.857262e-08,0.1,1000.0,Fermi-LAT,,
B2-1811+31,58999.89,0.5,0.5,1.0,8.023169e-08,5.0192572e-08,5.0192572e-08,0.1,1000.0,Fermi-LAT,,
B2-1811+31,59000.89,0.5,0.5,1.0,1.6129566e-07,1.1290697e-07,1.1290697e-07,0.1,1000.0,Fermi-LAT,UL,
B2-1811+31,59001.89,0.5,0.5,1.0,4.0893937e-08,5.8477628e-08,5.8477628e-08,0.1,1000.0,Fermi-LAT,,
B2-1811+31,59002.89,0.5,0.5,1.0,3.7681726e-08,2.6377208e-08,2.6377208e-08,0.1,1000.0,Fermi-LAT,UL,
B2-1811+31,59003.89,0.5,0.5,1.0,8.701759e-08,5.0627275e-08,5.0627275e-08,0.1,1000.0,Fermi-LAT,,
B2-1811+31,59004.89,0.5,0.5,1.0,5.8184916e-08,5.2172e-08,5.2172e-08,0.1,1000.0,Fermi-LAT,,
B2-1811+31,59005.89,0.5,0.5,1.0,6.091475e-08,4.2640327e-08,4.2640327e-08,0.1,1000.0,Fermi-LAT,UL,
B2-1811+31,59006.89,0.5,0.5,1.0,1.8670161e-07,1.3069113e-07,1.3069113e-07,0.1,1000.0,Fermi-LAT,UL,
B2-1811+31,59007.89,0.5,0.5,1.0,1.6001133e-07,1.12007925e-07,1.12007925e-07,0.1,1000.0,Fermi-LAT,UL,
B2-1811+31,59008.89,0.5,0.5,1.0,1.6982766e-07,1.18879356e-07,1.18879356e-07,0.1,1000.0,Fermi-LAT,UL,
B2-1811+31,59009.89,0.5,0.5,1.0,6.1412436e-08,4.2988702e-08,4.2988702e-08,0.1,1000.0,Fermi-LAT,UL,
B2-1811+31,59010.89,0.5,0.5,1.0,7.767861e-08,5.4375025e-08,5.4375025e-08,0.1,1000.0,Fermi-LAT,UL,
B2-1811+31,59011.89,0.5,0.5,1.0,3.805425e-08,3.433233e-08,3.433233e-08,0.1,1000.0,Fermi-LAT,,
B2-1811+31,59012.89,0.5,0.5,1.0,1.3551572e-07,9.4861e-08,9.4861e-08,0.1,1000.0,Fermi-LAT,UL,
B2-1811+31,59013.89,0.5,0.5,1.0,4.083477e-08,5.3787925e-08,5.3787925e-08,0.1,1000.0,Fermi-LAT,,
B2-1811+31,59014.89,0.5,0.5,1.0,1.5819731e-07,8.7789914e-08,8.7789914e-08,0.1,1000.0,Fermi-LAT,,
B2-1811+31,59015.89,0.5,0.5,1.0,1.7971392e-07,8.928958e-08,8.928958e-08,0.1,1000.0,Fermi-LAT,,
B2-1811+31,59016.89,0.5,0.5,1.0,2.0131749e-07,9.251785e-08,9.251785e-08,0.1,1000.0,Fermi-LAT,,
B2-1811+31,59017.89,0.5,0.5,1.0,1.813126e-07,8.912256e-08,8.912256e-08,0.1,1000.0,Fermi-LAT,,
B2-1811+31,59018.89,0.5,0.5,1.0,1.9628497e-07,1.3739948e-07,1.3739948e-07,0.1,1000.0,Fermi-LAT,UL,
B2-1811+31,59019.89,0.5,0.5,1.0,3.8992987e-08,3.9576037e-08,3.9576037e-08,0.1,1000.0,Fermi-LAT,,
B2-1811+31,59020.89,0.5,0.5,1.0,1.3773378e-07,9.641364e-08,9.641364e-08,0.1,1000.0,Fermi-LAT,UL,
B2-1811+31,59021.89,0.5,0.5,1.0,7.241866e-08,5.069306e-08,5.069306e-08,0.1,1000.0,Fermi-LAT,UL,
B2-1811+31,59022.89,0.5,0.5,1.0,1.1376238e-07,7.226239e-08,7.226239e-08,0.1,1000.0,Fermi-LAT,,
B2-1811+31,59023.89,0.5,0.5,1.0,6.8279846e-08,4.5517808e-08,4.5517808e-08,0.1,1000.0,Fermi-LAT,,
B2-1811+31,59024.89,0.5,0.5,1.0,1.2289213e-07,7.252022e-08,7.252022e-08,0.1,1000.0,Fermi-LAT,,
B2-1811+31,59025.89,0.5,0.5,1.0,1.3238724e-07,6.892088e-08,6.892088e-08,0.1,1000.0,Fermi-LAT,,
B2-1811+31,59026.89,0.5,0.5,1.0,7.42887e-08,5.805713e-08,5.805713e-08,0.1,1000.0,Fermi-LAT,,
B2-1811+31,59027.89,0.5,0.5,1.0,5.5127128e-08,3.858899e-08,3.858899e-08,0.1,1000.0,Fermi-LAT,UL,
B2-1811+31,59028.89,0.5,0.5,1.0,1.1237781e-07,8.1905974e-08,8.1905974e-08,0.1,1000.0,Fermi-LAT,,
B2-1811+31,59029.89,0.5,0.5,1.0,3.322866e-08,2.2455687e-08,2.2455687e-08,0.1,1000.0,Fermi-LAT,,
B2-1811+31,59030.89,0.5,0.5,1.0,7.245905e-08,4.2271303e-08,4.2271303e-08,0.1,1000.0,Fermi-LAT,,
B2-1811+31,59031.89,0.5,0.5,1.0,9.836397e-08,6.8854774e-08,6.8854774e-08,0.1,1000.0,Fermi-LAT,UL,
B2-1811+31,59032.89,0.5,0.5,1.0,2.148885e-07,1.3089516e-07,1.3089516e-07,0.1,1000.0,Fermi-LAT,,
B2-1811+31,59033.89,0.5,0.5,1.0,2.7109652e-07,1.8976758e-07,1.8976758e-07,0.1,1000.0,Fermi-LAT,UL,
B2-1811+31,59034.89,0.5,0.5,1.0,4.7773955e-08,2.2567868e-08,2.2567868e-08,0.1,1000.0,Fermi-LAT,,
B2-1811+31,59035.89,0.5,0.5,1.0,1.10160755e-07,6.844617e-08,6.844617e-08,0.1,1000.0,Fermi-LAT,,
B2-1811+31,59036.89,0.5,0.5,1.0,2.576764e-07,1.8037346e-07,1.8037346e-07,0.1,1000.0,Fermi-LAT,UL,
B2-1811+31,59037.89,0.5,0.5,1.0,8.1641566e-08,5.929305e-08,5.929305e-08,0.1,1000.0,Fermi-LAT,,
B2-1811+31,59038.89,0.5,0.5,1.0,1.4042662e-07,8.907884e-08,8.907884e-08,0.1,1000.0,Fermi-LAT,,
B2-1811+31,59039.89,0.5,0.5,1.0,9.786695e-08,1.12210834e-07,1.12210834e-07,0.1,1000.0,Fermi-LAT,,
B2-1811+31,59040.89,0.5,0.5,1.0,2.6612548e-07,1.8628785e-07,1.8628785e-07,0.1,1000.0,Fermi-LAT,UL,
B2-1811+31,59041.89,0.5,0.5,1.0,7.439557e-08,3.249046e-08,3.249046e-08,0.1,1000.0,Fermi-LAT,,
B2-1811+31,59042.89,0.5,0.5,1.0,1.0590384e-07,7.429235e-08,7.429235e-08,0.1,1000.0,Fermi-LAT,,
B2-1811+31,59043.89,0.5,0.5,1.0,1.9706272e-07,7.030273e-08,7.030273e-08,0.1,1000.0,Fermi-LAT,,
B2-1811+31,59044.89,0.5,0.5,1.0,3.0048372e-07,8.680237e-08,8.680237e-08,0.1,1000.0,Fermi-LAT,,
B2-1811+31,59045.89,0.5,0.5,1.0,3.186922e-07,9.367146e-08,9.367146e-08,0.1,1000.0,Fermi-LAT,,
B2-1811+31,59046.89,0.5,0.5,1.0,1.3910999e-07,8.366607e-08,8.366607e-08,0.1,1000.0,Fermi-LAT,,
B2-1811+31,59047.89,0.5,0.5,1.0,9.428868e-08,4.474588e-08,4.474588e-08,0.1,1000.0,Fermi-LAT,,
B2-1811+31,59048.89,0.5,0.5,1.0,9.305706e-08,5.5699843e-08,5.5699843e-08,0.1,1000.0,Fermi-LAT,,
B2-1811+31,59049.89,0.5,0.5,1.0,4.5924825e-08,3.2147376e-08,3.2147376e-08,0.1,1000.0,Fermi-LAT,UL,
B2-1811+31,59050.89,0.5,0.5,1.0,8.3563926e-08,5.2027843e-08,5.2027843e-08,0.1,1000.0,Fermi-LAT,,
B2-1811+31,59051.89,0.5,0.5,1.0,8.762367e-08,4.775776e-08,4.775776e-08,0.1,1000.0,Fermi-LAT,,
B2-1811+31,59052.89,0.5,0.5,1.0,8.954052e-08,5.4265914e-08,5.4265914e-08,0.1,1000.0,Fermi-LAT,,
B2-1811+31,59053.89,0.5,0.5,1.0,4.50878e-08,3.015112e-08,3.015112e-08,0.1,1000.0,Fermi-LAT,,
B2-1811+31,59054.89,0.5,0.5,1.0,1.9740793e-07,1.3818556e-07,1.3818556e-07,0.1,1000.0,Fermi-LAT,UL,
B2-1811+31,59055.89,0.5,0.5,1.0,1.3067771e-08,9.317815e-09,9.317815e-09,0.1,1000.0,Fermi-LAT,,
B2-1811+31,59056.89,0.5,0.5,1.0,1.8596856e-07,1.30178e-07,1.30178e-07,0.1,1000.0,Fermi-LAT,UL,
B2-1811+31,59057.89,0.5,0.5,1.0,1.8988375e-07,1.0544828e-07,1.0544828e-07,0.1,1000.0,Fermi-LAT,,
B2-1811+31,59058.89,0.5,0.5,1.0,1.2949779e-07,1.0942489e-07,1.0942489e-07,0.1,1000.0,Fermi-LAT,,
B2-1811+31,59059.89,0.5,0.5,1.0,1.766301e-07,1.0424992e-07,1.0424992e-07,0.1,1000.0,Fermi-LAT,,
B2-1811+31,59060.89,0.5,0.5,1.0,9.02316e-08,5.1827417e-08,5.1827417e-08,0.1,1000.0,Fermi-LAT,,
B2-1811+31,59061.89,0.5,0.5,1.0,3.2891055e-08,3.8522835e-08,3.8522835e-08,0.1,1000.0,Fermi-LAT,,
B2-1811+31,59062.89,0.5,0.5,1.0,2.4633465e-07,1.2816722e-07,1.2816722e-07,0.1,1000.0,Fermi-LAT,,
B2-1811+31,59063.89,0.5,0.5,1.0,4.472779e-07,2.0391072e-07,2.0391072e-07,0.1,1000.0,Fermi-LAT,,
