ecsv/2025f_B21811+31/magic_2025f_fig5_sed_Swift_XRT.ecsv
# %ECSV 0.9
# ---
# delimiter: ','
# datatype:
# - {name: srcname   , unit: latex, datatype: string  , description: Source name                       }
# - {name: en        , unit: Hz   , datatype: float32 , description: Energy                            }
# - {name: en_wlo    , unit: Hz   , datatype: float32 , description: Energy bin width low              }
# - {name: en_wup    , unit: Hz   , datatype: float32 , description: Energy bin width up               }
# - {name: nufnu     , unit: erg cm-2 s-1   , datatype: float32 , description: Differential photon flux at energy}
# - {name: nufnu_elo , unit: erg cm-2 s-1   , datatype: float32 , description: Lower uncertainty in nufnu        }
# - {name: nufnu_eup , unit: erg cm-2 s-1   , datatype: float32 , description: Upper uncertainty in nufnu        }
# - {name: tstart    , unit: mjd  , datatype: float32 , description: MJD start                         }
# - {name: tstop     , unit: mjd  , datatype: float32 , description: MJD stop                          }
# - {name: texpo     , unit: d    , datatype: float32 , description: Observation time                  }
# - {name: instrument, unit: latex, datatype: string  , description: Instrument                        }
# - {name: dataformat, unit: latex, datatype: string  , description: Data Format                       }
# - {name: comments  , unit: latex, datatype: string  , description: Comments                          }
# meta: !!omap
# - {Filename:  "magic_2025f_fig5_sed_Swift_XRT.ecsv"}
# - {Source:    "B2-1811+31"}
# - {Figure:    "Fig. 5 Long-term optical-to-X-ray spectral energy distribution evolution"}
# - {Title:     "Very-high-energy gamma-ray detection and long-term multi-wavelength view of the flaring blazar B2 1811+31"}
# - {Comments:  "Only Swift-XRT data"}
# - {Reference: "magic_2025f.yaml"}
# - {Status:    "checked"}

srcname,en,en_wlo,en_wup,nufnu,nufnu_elo,nufnu_eup,tstart,tstop,texpo,instrument,dataformat,comments
B2-1811+31,1.7530423e+17,1.0276454e+17,1.0276454e+17,1.8726637e-13,1.8726637e-13,1.8726637e-13,60348.74,60348.74,0.0,Swift-XRT,,
B2-1811+31,5.6339148e+17,2.8532273e+17,2.8532273e+17,1.8057595e-13,1.8057595e-13,1.8057595e-13,60348.74,60348.74,0.0,Swift-XRT,,
B2-1811+31,5.851534e+17,5.1261373e+17,5.1261373e+17,3.9320953e-14,3.9320953e-14,3.9320953e-14,60073.24,60073.24,0.0,Swift-XRT,,
B2-1811+31,8.1002645e+16,8462961400000000.0,8462961400000000.0,2.801298e-13,2.801298e-13,2.801298e-13,54081.086,54081.086,0.0,Swift-XRT,,
B2-1811+31,9.792856e+16,8462961400000000.0,8462961400000000.0,1.887593e-13,1.887593e-13,1.887593e-13,54081.086,54081.086,0.0,Swift-XRT,,
B2-1811+31,1.136455e+17,7253968000000000.0,7253968000000000.0,1.8082001e-13,1.8082001e-13,1.8082001e-13,54081.086,54081.086,0.0,Swift-XRT,,
B2-1811+31,1.2936242e+17,8462961400000000.0,8462961400000000.0,1.8395726e-13,1.8395726e-13,1.8395726e-13,54081.086,54081.086,0.0,Swift-XRT,,
B2-1811+31,1.5112433e+17,1.3298942e+16,1.3298942e+16,1.272435e-13,1.272435e-13,1.272435e-13,54081.086,54081.086,0.0,Swift-XRT,,
B2-1811+31,1.801402e+17,1.5716929e+16,1.5716929e+16,9.186952e-14,9.186952e-14,9.186952e-14,54081.086,54081.086,0.0,Swift-XRT,,
B2-1811+31,2.1036506e+17,1.4507936e+16,1.4507936e+16,9.352306e-14,9.352306e-14,9.352306e-14,54081.086,54081.086,0.0,Swift-XRT,,
B2-1811+31,2.3817193e+17,1.3298936e+16,1.3298936e+16,1.0466057e-13,1.0466057e-13,1.0466057e-13,54081.086,54081.086,0.0,Swift-XRT,,
B2-1811+31,2.7323278e+17,2.1761912e+16,2.1761912e+16,6.446063e-14,6.446063e-14,6.446063e-14,54081.086,54081.086,0.0,Swift-XRT,,
B2-1811+31,3.2401058e+17,2.9015871e+16,2.9015871e+16,5.7562875e-14,5.7562875e-14,5.7562875e-14,54081.086,54081.086,0.0,Swift-XRT,,
B2-1811+31,4.48537e+17,9.551057e+16,9.551057e+16,3.3672297e-14,3.3672297e-14,3.3672297e-14,54081.086,54081.086,0.0,Swift-XRT,,
B2-1811+31,1.4689284e+18,9.248809e+17,9.248809e+17,2.666898e-14,2.666898e-14,2.666898e-14,54081.086,54081.086,0.0,Swift-XRT,,
B2-1811+31,8.1002645e+16,8462961400000000.0,8462961400000000.0,1.283002e-12,1.283002e-12,1.283002e-12,53647.523,53647.523,0.0,Swift-XRT,,
B2-1811+31,9.551057e+16,6044971000000000.0,6044971000000000.0,1.3536177e-12,1.3536177e-12,1.3536177e-12,53647.523,53647.523,0.0,Swift-XRT,,
B2-1811+31,1.0760052e+17,6044975000000000.0,6044975000000000.0,1.131131e-12,1.131131e-12,1.131131e-12,53647.523,53647.523,0.0,Swift-XRT,,
B2-1811+31,1.19690465e+17,6044971000000000.0,6044971000000000.0,1.0466039e-12,1.0466039e-12,1.0466039e-12,53647.523,53647.523,0.0,Swift-XRT,,
B2-1811+31,1.3178041e+17,6044975000000000.0,6044975000000000.0,1.2540071e-12,1.2540071e-12,1.2540071e-12,53647.523,53647.523,0.0,Swift-XRT,,
B2-1811+31,1.4749734e+17,9671955000000000.0,9671955000000000.0,8.3722677e-13,8.3722677e-13,8.3722677e-13,53647.523,53647.523,0.0,Swift-XRT,,
B2-1811+31,1.6442327e+17,7253968000000000.0,7253968000000000.0,1.0780995e-12,1.0780995e-12,1.0780995e-12,53647.523,53647.523,0.0,Swift-XRT,,
B2-1811+31,1.7651321e+17,4835981000000000.0,4835981000000000.0,1.5694443e-12,1.5694443e-12,1.5694443e-12,53647.523,53647.523,0.0,Swift-XRT,,
B2-1811+31,1.8860316e+17,7253968000000000.0,7253968000000000.0,9.827555e-13,9.827555e-13,9.827555e-13,53647.523,53647.523,0.0,Swift-XRT,,
B2-1811+31,2.031111e+17,7253968000000000.0,7253968000000000.0,9.324652e-13,9.324652e-13,9.324652e-13,53647.523,53647.523,0.0,Swift-XRT,,
B2-1811+31,2.1882803e+17,8462961400000000.0,8462961400000000.0,7.4904384e-13,7.4904384e-13,7.4904384e-13,53647.523,53647.523,0.0,Swift-XRT,,
B2-1811+31,2.3575395e+17,8462961400000000.0,8462961400000000.0,7.804065e-13,7.804065e-13,7.804065e-13,53647.523,53647.523,0.0,Swift-XRT,,
B2-1811+31,2.5388887e+17,9671962000000000.0,9671962000000000.0,7.2950955e-13,7.2950955e-13,7.2950955e-13,53647.523,53647.523,0.0,Swift-XRT,,
B2-1811+31,2.7565078e+17,1.208995e+16,1.208995e+16,5.9549517e-13,5.9549517e-13,5.9549517e-13,53647.523,53647.523,0.0,Swift-XRT,,
B2-1811+31,3.0103965e+17,1.3298928e+16,1.3298928e+16,5.7491934e-13,5.7491934e-13,5.7491934e-13,53647.523,53647.523,0.0,Swift-XRT,,
B2-1811+31,3.3126454e+17,1.6925938e+16,1.6925938e+16,5.083798e-13,5.083798e-13,5.083798e-13,53647.523,53647.523,0.0,Swift-XRT,,
B2-1811+31,3.6511637e+17,1.6925923e+16,1.6925923e+16,5.9430916e-13,5.9430916e-13,5.9430916e-13,53647.523,53647.523,0.0,Swift-XRT,,
B2-1811+31,3.9655024e+17,1.4507936e+16,1.4507936e+16,8.508917e-13,8.508917e-13,8.508917e-13,53647.523,53647.523,0.0,Swift-XRT,,
B2-1811+31,4.4128305e+17,3.0224866e+16,3.0224866e+16,5.253086e-13,5.253086e-13,5.253086e-13,53647.523,53647.523,0.0,Swift-XRT,,
B2-1811+31,5.2107667e+17,4.9568763e+16,4.9568763e+16,5.2664036e-13,5.2664036e-13,5.2664036e-13,53647.523,53647.523,0.0,Swift-XRT,,
B2-1811+31,6.7341e+17,1.0276456e+17,1.0276456e+17,4.598372e-13,4.598372e-13,4.598372e-13,53647.523,53647.523,0.0,Swift-XRT,,
B2-1811+31,1.0880952e+18,3.119206e+17,3.119206e+17,3.3323856e-13,3.3323856e-13,3.3323856e-13,53647.523,53647.523,0.0,Swift-XRT,,
B2-1811+31,1.6672036e+18,2.6718782e+17,2.6718782e+17,7.771023e-13,7.771023e-13,7.771023e-13,53647.523,53647.523,0.0,Swift-XRT,,
B2-1811+31,8.4629625e+16,1.2089945e+16,1.2089945e+16,1.9248657e-13,1.9248657e-13,1.9248657e-13,58795.45,58795.45,0.0,Swift-XRT,,
B2-1811+31,1.0155555e+17,4835977500000000.0,4835977500000000.0,3.583697e-13,3.583697e-13,3.583697e-13,58795.45,58795.45,0.0,Swift-XRT,,
B2-1811+31,1.1122751e+17,4835977500000000.0,4835977500000000.0,3.2761906e-13,3.2761906e-13,3.2761906e-13,58795.45,58795.45,0.0,Swift-XRT,,
B2-1811+31,1.2210845e+17,6044971000000000.0,6044971000000000.0,2.6191183e-13,2.6191183e-13,2.6191183e-13,58795.45,58795.45,0.0,Swift-XRT,,
B2-1811+31,1.329894e+17,4835981000000000.0,4835981000000000.0,3.5733447e-13,3.5733447e-13,3.5733447e-13,58795.45,58795.45,0.0,Swift-XRT,,
B2-1811+31,1.4507936e+17,7253968000000000.0,7253968000000000.0,2.7326123e-13,2.7326123e-13,2.7326123e-13,58795.45,58795.45,0.0,Swift-XRT,,
B2-1811+31,1.571693e+17,4835981000000000.0,4835981000000000.0,3.9633932e-13,3.9633932e-13,3.9633932e-13,58795.45,58795.45,0.0,Swift-XRT,,
B2-1811+31,1.6805025e+17,6044975000000000.0,6044975000000000.0,2.6444125e-13,2.6444125e-13,2.6444125e-13,58795.45,58795.45,0.0,Swift-XRT,,
B2-1811+31,1.8134919e+17,7253961000000000.0,7253961000000000.0,2.3403501e-13,2.3403501e-13,2.3403501e-13,58795.45,58795.45,0.0,Swift-XRT,,
B2-1811+31,1.9585712e+17,7253968000000000.0,7253968000000000.0,2.1445729e-13,2.1445729e-13,2.1445729e-13,58795.45,58795.45,0.0,Swift-XRT,,
B2-1811+31,2.1157406e+17,8462969000000000.0,8462969000000000.0,1.7078888e-13,1.7078888e-13,1.7078888e-13,58795.45,58795.45,0.0,Swift-XRT,,
B2-1811+31,2.2970899e+17,9671955000000000.0,9671955000000000.0,1.6132236e-13,1.6132236e-13,1.6132236e-13,58795.45,58795.45,0.0,Swift-XRT,,
B2-1811+31,2.490529e+17,9671962000000000.0,9671962000000000.0,1.5628982e-13,1.5628982e-13,1.5628982e-13,58795.45,58795.45,0.0,Swift-XRT,,
B2-1811+31,2.6718782e+17,8462954400000000.0,8462954400000000.0,1.8674718e-13,1.8674718e-13,1.8674718e-13,58795.45,58795.45,0.0,Swift-XRT,,
B2-1811+31,2.8411374e+17,8462969000000000.0,8462969000000000.0,1.8840989e-13,1.8840989e-13,1.8840989e-13,58795.45,58795.45,0.0,Swift-XRT,,
B2-1811+31,2.9983067e+17,7253961000000000.0,7253961000000000.0,2.4850792e-13,2.4850792e-13,2.4850792e-13,58795.45,58795.45,0.0,Swift-XRT,,
B2-1811+31,3.167566e+17,9671962000000000.0,9671962000000000.0,1.8384763e-13,1.8384763e-13,1.8384763e-13,58795.45,58795.45,0.0,Swift-XRT,,
B2-1811+31,3.4214548e+17,1.5716929e+16,1.5716929e+16,1.2644071e-13,1.2644071e-13,1.2644071e-13,58795.45,58795.45,0.0,Swift-XRT,,
B2-1811+31,3.6995237e+17,1.208995e+16,1.208995e+16,1.9843002e-13,1.9843002e-13,1.9843002e-13,58795.45,58795.45,0.0,Swift-XRT,,
B2-1811+31,4.0138624e+17,1.934391e+16,1.934391e+16,1.5039081e-13,1.5039081e-13,1.5039081e-13,58795.45,58795.45,0.0,Swift-XRT,,
B2-1811+31,4.5337297e+17,3.2642853e+16,3.2642853e+16,1.2681849e-13,1.2681849e-13,1.2681849e-13,58795.45,58795.45,0.0,Swift-XRT,,
B2-1811+31,5.4525658e+17,5.9240737e+16,5.9240737e+16,1.1264547e-13,1.1264547e-13,1.1264547e-13,58795.45,58795.45,0.0,Swift-XRT,,
B2-1811+31,7.4957666e+17,1.4507936e+17,1.4507936e+17,8.5988007e-14,8.5988007e-14,8.5988007e-14,58795.45,58795.45,0.0,Swift-XRT,,
B2-1811+31,1.5039892e+18,6.0933326e+17,6.0933326e+17,8.086999e-14,8.086999e-14,8.086999e-14,58795.45,58795.45,0.0,Swift-XRT,,
B2-1811+31,3.880873e+17,3.155476e+17,3.155476e+17,2.9740023e-13,2.9740023e-13,2.9740023e-13,53710.004,53710.004,0.0,Swift-XRT,,
B2-1811+31,9.611507e+17,8.886111e+17,8.886111e+17,1.0842211e-12,1.0842211e-12,1.0842211e-12,53677.004,53677.004,0.0,Swift-XRT,,
B2-1811+31,9.067459e+16,1.8134917e+16,1.8134917e+16,1.1134873e-12,1.1134873e-12,1.1134873e-12,59132.29,59132.29,0.0,Swift-XRT,,
B2-1811+31,1.2815343e+17,1.9343916e+16,1.9343916e+16,8.6323445e-13,8.6323445e-13,8.6323445e-13,59132.29,59132.29,0.0,Swift-XRT,,
B2-1811+31,1.7530423e+17,2.7806872e+16,2.7806872e+16,6.1062977e-13,6.1062977e-13,6.1062977e-13,59132.29,59132.29,0.0,Swift-XRT,,
B2-1811+31,2.24873e+17,2.1761904e+16,2.1761904e+16,7.2264276e-13,7.2264276e-13,7.2264276e-13,59132.29,59132.29,0.0,Swift-XRT,,
B2-1811+31,2.7565078e+17,2.9015871e+16,2.9015871e+16,5.693116e-13,5.693116e-13,5.693116e-13,59132.29,59132.29,0.0,Swift-XRT,,
B2-1811+31,3.5302642e+17,4.835978e+16,4.835978e+16,4.7057654e-13,4.7057654e-13,4.7057654e-13,59132.29,59132.29,0.0,Swift-XRT,,
B2-1811+31,4.8601582e+17,8.462962e+16,8.462962e+16,6.046947e-13,6.046947e-13,6.046947e-13,59132.29,59132.29,0.0,Swift-XRT,,
B2-1811+31,1.0445714e+18,4.7392593e+17,4.7392593e+17,3.4531476e-13,3.4531476e-13,3.4531476e-13,59132.29,59132.29,0.0,Swift-XRT,,
B2-1811+31,5.0898675e+17,4.3644705e+17,4.3644705e+17,2.1474077e-13,2.1474077e-13,2.1474077e-13,53724.004,53724.004,0.0,Swift-XRT,,
B2-1811+31,9.792856e+16,2.5388885e+16,2.5388885e+16,2.3074744e-13,2.3074744e-13,2.3074744e-13,60326.46,60326.46,0.0,Swift-XRT,,
B2-1811+31,1.571693e+17,3.3851854e+16,3.3851854e+16,1.7877072e-13,1.7877072e-13,1.7877072e-13,60326.46,60326.46,0.0,Swift-XRT,,
B2-1811+31,2.2245501e+17,3.1433852e+16,3.1433852e+16,1.6706755e-13,1.6706755e-13,1.6706755e-13,60326.46,60326.46,0.0,Swift-XRT,,
B2-1811+31,2.937857e+17,3.9896827e+16,3.9896827e+16,1.4790373e-13,1.4790373e-13,1.4790373e-13,60326.46,60326.46,0.0,Swift-XRT,,
B2-1811+31,4.4249203e+17,1.0880951e+17,1.0880951e+17,1.1423996e-13,1.1423996e-13,1.1423996e-13,60326.46,60326.46,0.0,Swift-XRT,,
B2-1811+31,1.4435396e+18,8.92238e+17,8.92238e+17,1.0966559e-13,1.0966559e-13,1.0966559e-13,60326.46,60326.46,0.0,Swift-XRT,,
B2-1811+31,1.2936242e+17,5.6822744e+16,5.6822744e+16,8.051258e-14,8.051258e-14,8.051258e-14,53422.16,53422.16,0.0,Swift-XRT,,
B2-1811+31,1.0385264e+18,8.523412e+17,8.523412e+17,2.671341e-14,2.671341e-14,2.671341e-14,53422.16,53422.16,0.0,Swift-XRT,,
B2-1811+31,2.2849999e+17,1.5596031e+17,1.5596031e+17,8.767933e-14,8.767933e-14,8.767933e-14,60053.2,60053.2,0.0,Swift-XRT,,
B2-1811+31,5.5734653e+17,1.7288623e+17,1.7288623e+17,5.682237e-14,5.682237e-14,5.682237e-14,60053.2,60053.2,0.0,Swift-XRT,,
B2-1811+31,8.342063e+16,1.0880949e+16,1.0880949e+16,2.7368846e-13,2.7368846e-13,2.7368846e-13,53736.785,53736.785,0.0,Swift-XRT,,
B2-1811+31,1.0276454e+17,8462965000000000.0,8462965000000000.0,2.4019092e-13,2.4019092e-13,2.4019092e-13,53736.785,53736.785,0.0,Swift-XRT,,
B2-1811+31,1.18481475e+17,7253964600000000.0,7253964600000000.0,2.4475924e-13,2.4475924e-13,2.4475924e-13,53736.785,53736.785,0.0,Swift-XRT,,
B2-1811+31,1.3782539e+17,1.208995e+16,1.208995e+16,1.8876781e-13,1.8876781e-13,1.8876781e-13,53736.785,53736.785,0.0,Swift-XRT,,
B2-1811+31,1.6079627e+17,1.0880949e+16,1.0880949e+16,1.8817744e-13,1.8817744e-13,1.8817744e-13,53736.785,53736.785,0.0,Swift-XRT,,
B2-1811+31,1.8618517e+17,1.4507936e+16,1.4507936e+16,1.2929187e-13,1.2929187e-13,1.2929187e-13,53736.785,53736.785,0.0,Swift-XRT,,
B2-1811+31,2.1399204e+17,1.3298942e+16,1.3298942e+16,1.3982671e-13,1.3982671e-13,1.3982671e-13,53736.785,53736.785,0.0,Swift-XRT,,
B2-1811+31,2.4300793e+17,1.5716937e+16,1.5716937e+16,1.152186e-13,1.152186e-13,1.152186e-13,53736.785,53736.785,0.0,Swift-XRT,,
B2-1811+31,2.744418e+17,1.5716929e+16,1.5716929e+16,1.2256568e-13,1.2256568e-13,1.2256568e-13,53736.785,53736.785,0.0,Swift-XRT,,
B2-1811+31,3.155476e+17,2.5388877e+16,2.5388877e+16,8.681927e-14,8.681927e-14,8.681927e-14,53736.785,53736.785,0.0,Swift-XRT,,
B2-1811+31,3.735793e+17,3.2642853e+16,3.2642853e+16,8.754709e-14,8.754709e-14,8.754709e-14,53736.785,53736.785,0.0,Swift-XRT,,
B2-1811+31,5.621825e+17,1.5596031e+17,1.5596031e+17,4.9686234e-14,4.9686234e-14,4.9686234e-14,53736.785,53736.785,0.0,Swift-XRT,,
B2-1811+31,1.2573544e+18,5.3921157e+17,5.3921157e+17,5.277827e-14,5.277827e-14,5.277827e-14,53736.785,53736.785,0.0,Swift-XRT,,
B2-1811+31,2.671878e+17,1.9464812e+17,1.9464812e+17,6.791245e-14,6.791245e-14,6.791245e-14,58391.71,58391.71,0.0,Swift-XRT,,
B2-1811+31,1.583783e+17,8.5838615e+16,8.5838615e+16,2.1094866e-13,2.1094866e-13,2.1094866e-13,58856.082,58856.082,0.0,Swift-XRT,,
B2-1811+31,8.1486236e+17,5.7064547e+17,5.7064547e+17,9.3436096e-14,9.3436096e-14,9.3436096e-14,58856.082,58856.082,0.0,Swift-XRT,,
B2-1811+31,3.2401058e+17,2.514709e+17,2.514709e+17,2.654354e-14,2.654354e-14,2.654354e-14,55700.82,55700.82,0.0,Swift-XRT,,
B2-1811+31,9.309258e+16,2.0552907e+16,2.0552907e+16,9.292819e-13,9.292819e-13,9.292819e-13,59128.29,59128.29,0.0,Swift-XRT,,
B2-1811+31,1.3782539e+17,2.4179895e+16,2.4179895e+16,7.4097694e-13,7.4097694e-13,7.4097694e-13,59128.29,59128.29,0.0,Swift-XRT,,
B2-1811+31,1.8860316e+17,2.6597878e+16,2.6597878e+16,6.5497477e-13,6.5497477e-13,6.5497477e-13,59128.29,59128.29,0.0,Swift-XRT,,
B2-1811+31,2.4300791e+17,2.7806879e+16,2.7806879e+16,5.889052e-13,5.889052e-13,5.889052e-13,59128.29,59128.29,0.0,Swift-XRT,,
B2-1811+31,3.0103965e+17,3.0224866e+16,3.0224866e+16,6.310287e-13,6.310287e-13,6.310287e-13,59128.29,59128.29,0.0,Swift-XRT,,
B2-1811+31,3.9534123e+17,6.407671e+16,6.407671e+16,4.779708e-13,4.779708e-13,4.779708e-13,59128.29,59128.29,0.0,Swift-XRT,,
B2-1811+31,1.03731734e+18,5.778994e+17,5.778994e+17,3.3657888e-13,3.3657888e-13,3.3657888e-13,59128.29,59128.29,0.0,Swift-XRT,,
B2-1811+31,8.5838615e+16,1.3298939e+16,1.3298939e+16,1.9842435e-12,1.9842435e-12,1.9842435e-12,59134.855,59134.855,0.0,Swift-XRT,,
B2-1811+31,1.0760052e+17,8462961400000000.0,8462961400000000.0,2.2731042e-12,2.2731042e-12,2.2731042e-12,59134.855,59134.855,0.0,Swift-XRT,,
B2-1811+31,1.2694443e+17,1.0880952e+16,1.0880952e+16,1.7585873e-12,1.7585873e-12,1.7585873e-12,59134.855,59134.855,0.0,Swift-XRT,,
B2-1811+31,1.5233332e+17,1.4507936e+16,1.4507936e+16,1.4933776e-12,1.4933776e-12,1.4933776e-12,59134.855,59134.855,0.0,Swift-XRT,,
B2-1811+31,1.777222e+17,1.0880949e+16,1.0880949e+16,1.8170422e-12,1.8170422e-12,1.8170422e-12,59134.855,59134.855,0.0,Swift-XRT,,
B2-1811+31,2.006931e+17,1.208995e+16,1.208995e+16,1.5758776e-12,1.5758776e-12,1.5758776e-12,59134.855,59134.855,0.0,Swift-XRT,,
B2-1811+31,2.27291e+17,1.4507936e+16,1.4507936e+16,1.2284819e-12,1.2284819e-12,1.2284819e-12,59134.855,59134.855,0.0,Swift-XRT,,
B2-1811+31,2.5872484e+17,1.6925923e+16,1.6925923e+16,1.0914546e-12,1.0914546e-12,1.0914546e-12,59134.855,59134.855,0.0,Swift-XRT,,
B2-1811+31,2.9620366e+17,2.0552902e+16,2.0552902e+16,9.942314e-13,9.942314e-13,9.942314e-13,59134.855,59134.855,0.0,Swift-XRT,,
B2-1811+31,3.373095e+17,2.0552917e+16,2.0552917e+16,1.2200059e-12,1.2200059e-12,1.2200059e-12,59134.855,59134.855,0.0,Swift-XRT,,
B2-1811+31,3.856693e+17,2.7806879e+16,2.7806879e+16,1.1777378e-12,1.1777378e-12,1.1777378e-12,59134.855,59134.855,0.0,Swift-XRT,,
B2-1811+31,4.715079e+17,5.8031743e+16,5.8031743e+16,9.632916e-13,9.632916e-13,9.632916e-13,59134.855,59134.855,0.0,Swift-XRT,,
B2-1811+31,8.027724e+17,2.7323276e+17,2.7323276e+17,6.071189e-13,6.071189e-13,6.071189e-13,59134.855,59134.855,0.0,Swift-XRT,,
