ecsv/2025f_B21811+31/magic_2025f_fig1_lc_OpticalRband.ecsv
# %ECSV 0.9
# ---
# delimiter: ','
# datatype:
# - {name: srcname   , unit: latex, datatype: string  , description: Source name                             }
# - {name: t         , unit: mjd  , datatype: float32 , description: Time of measurement                     }
# - {name: t_wlo     , unit: d    , datatype: float32 , description: Lower width of time bin                 }
# - {name: t_wup     , unit: d    , datatype: float32 , description: Upper width of time bin                 }
# - {name: t_exp     , unit: d    , datatype: float32 , description: Exposure time                           }
# - {name: flux      , unit: mJy   , datatype: float32 , description: Flux measured above the energy threshold}
# - {name: flux_elo  , unit: mJy   , datatype: float32 , description: Lower uncertainty of flux               }
# - {name: flux_eup  , unit: mJy   , datatype: float32 , description: Upper uncertainty of flux               }
# - {name: eth_lo    , unit: nm   , datatype: float32 , description: Assumed lower energy threshold for integral flux calculation}
# - {name: eth_up    , unit: nm   , datatype: float32 , description: Assumed upper energy threshold for integral flux calculation}
# - {name: instrument, unit: latex, datatype: string  , description: Instrument                              }
# - {name: dataformat, unit: latex, datatype: string  , description: Data Format                             }
# - {name: comments  , unit: latex, datatype: string  , description: Comments                                }
# meta: !!omap
# - {Filename : "magic_2025f_fig1_lc_OpticalRband.ecsv"}
# - {Source   : "B2-1811+31"}
# - {Figure   : "Fig. 1 Long-term light-curve"}
# - {Title    : "Very-high-energy gamma-ray detection and long-term multi-wavelength view of the flaring blazar B2 1811+31"}
# - {Comments : "Only optical R-band data"}
# - {Reference: "magic_2025.yaml"}
# - {Status   : "checked"}

[from data line 579]
B2-1811+31,59334.402,0.0,0.0,0.0,1.5066695,0.017751181,0.017751181,520.0,796.0,ZTF,,
B2-1811+31,59336.387,0.0,0.0,0.0,1.4445908,0.017121607,0.017121607,520.0,796.0,ZTF,,
B2-1811+31,59339.453,0.0,0.0,0.0,1.4138827,0.01681051,0.01681051,520.0,796.0,ZTF,,
B2-1811+31,59341.43,0.0,0.0,0.0,1.3830568,0.016498448,0.016498448,520.0,796.0,ZTF,,
B2-1811+31,59343.367,0.0,0.0,0.0,1.369503,0.016361313,0.016361313,520.0,796.0,ZTF,,
B2-1811+31,59345.457,0.0,0.0,0.0,1.3139133,0.015799338,0.015799338,520.0,796.0,ZTF,,
B2-1811+31,59349.35,0.0,0.0,0.0,1.3251933,0.015913308,0.015913308,520.0,796.0,ZTF,,
B2-1811+31,59353.438,0.0,0.0,0.0,1.4226078,0.01689888,0.01689888,520.0,796.0,ZTF,,
B2-1811+31,59356.363,0.0,0.0,0.0,1.3945724,0.016614998,0.016614998,520.0,796.0,ZTF,,
B2-1811+31,59359.383,0.0,0.0,0.0,1.53064,0.017994512,0.017994512,520.0,796.0,ZTF,,
B2-1811+31,59362.32,0.0,0.0,0.0,1.524405,0.017931208,0.017931208,520.0,796.0,ZTF,,
B2-1811+31,59364.35,0.0,0.0,0.0,1.4961234,0.017644165,0.017644165,520.0,796.0,ZTF,,
B2-1811+31,59366.37,0.0,0.0,0.0,1.5154668,0.01784047,0.01784047,520.0,796.0,ZTF,,
B2-1811+31,59370.367,0.0,0.0,0.0,1.6426288,0.019132998,0.019132998,520.0,796.0,ZTF,,
B2-1811+31,59375.395,0.0,0.0,0.0,1.5689969,0.018384151,0.018384151,520.0,796.0,ZTF,,
B2-1811+31,59377.383,0.0,0.0,0.0,1.5134448,0.017819947,0.017819947,520.0,796.0,ZTF,,
B2-1811+31,59379.383,0.0,0.0,0.0,1.4928693,0.01761115,0.01761115,520.0,796.0,ZTF,,
B2-1811+31,59381.39,0.0,0.0,0.0,1.5395933,0.018085433,0.018085433,520.0,796.0,ZTF,,
B2-1811+31,59386.395,0.0,0.0,0.0,1.5436312,0.018126445,0.018126445,520.0,796.0,ZTF,,
B2-1811+31,59390.336,0.0,0.0,0.0,1.3966343,0.016635872,0.016635872,520.0,796.0,ZTF,,
B2-1811+31,59392.37,0.0,0.0,0.0,1.4073652,0.016744513,0.016744513,520.0,796.0,ZTF,,
B2-1811+31,59396.344,0.0,0.0,0.0,1.4220182,0.01689291,0.01689291,520.0,796.0,ZTF,,
B2-1811+31,59399.344,0.0,0.0,0.0,1.4114406,0.016785784,0.016785784,520.0,796.0,ZTF,,
B2-1811+31,59401.344,0.0,0.0,0.0,1.3697916,0.016364234,0.016364234,520.0,796.0,ZTF,,
B2-1811+31,59403.32,0.0,0.0,0.0,1.4068561,0.016739357,0.016739357,520.0,796.0,ZTF,,
B2-1811+31,59407.305,0.0,0.0,0.0,1.3720025,0.016386598,0.016386598,520.0,796.0,ZTF,,
B2-1811+31,59409.297,0.0,0.0,0.0,1.3855422,0.0165236,0.0165236,520.0,796.0,ZTF,,
B2-1811+31,59411.266,0.0,0.0,0.0,1.4129094,0.016800655,0.016800655,520.0,796.0,ZTF,,
B2-1811+31,59414.28,0.0,0.0,0.0,1.3902185,0.016570928,0.016570928,520.0,796.0,ZTF,,
B2-1811+31,59417.277,0.0,0.0,0.0,1.4155502,0.0168274,0.0168274,520.0,796.0,ZTF,,
B2-1811+31,59419.32,0.0,0.0,0.0,1.1791724,0.014440565,0.014440565,520.0,796.0,ZTF,,
B2-1811+31,59423.3,0.0,0.0,0.0,1.4577069,0.017254552,0.017254552,520.0,796.0,ZTF,,
B2-1811+31,59427.35,0.0,0.0,0.0,1.5494943,0.018185997,0.018185997,520.0,796.0,ZTF,,
B2-1811+31,59429.242,0.0,0.0,0.0,1.5733303,0.018428188,0.018428188,520.0,796.0,ZTF,,
B2-1811+31,59434.203,0.0,0.0,0.0,1.740332,0.020128379,0.020128379,520.0,796.0,ZTF,,
B2-1811+31,59436.223,0.0,0.0,0.0,1.6191986,0.018894583,0.018894583,520.0,796.0,ZTF,,
B2-1811+31,59439.215,0.0,0.0,0.0,1.5529169,0.018220764,0.018220764,520.0,796.0,ZTF,,
B2-1811+31,59443.258,0.0,0.0,0.0,1.6142182,0.018843925,0.018843925,520.0,796.0,ZTF,,
B2-1811+31,59447.227,0.0,0.0,0.0,1.4825797,0.017506767,0.017506767,520.0,796.0,ZTF,,
B2-1811+31,59450.29,0.0,0.0,0.0,1.5732986,0.018427866,0.018427866,520.0,796.0,ZTF,,
B2-1811+31,59452.223,0.0,0.0,0.0,1.5255501,0.017942833,0.017942833,520.0,796.0,ZTF,,
B2-1811+31,59454.297,0.0,0.0,0.0,1.4834956,0.01751606,0.01751606,520.0,796.0,ZTF,,
B2-1811+31,59458.227,0.0,0.0,0.0,1.5302192,0.017990243,0.017990243,520.0,796.0,ZTF,,
B2-1811+31,59460.22,0.0,0.0,0.0,1.506241,0.01774683,0.01774683,520.0,796.0,ZTF,,
B2-1811+31,59462.215,0.0,0.0,0.0,1.4607882,0.01728579,0.01728579,520.0,796.0,ZTF,,
B2-1811+31,59464.31,0.0,0.0,0.0,1.5769497,0.018464977,0.018464977,520.0,796.0,ZTF,,
B2-1811+31,59466.17,0.0,0.0,0.0,1.5783548,0.018479258,0.018479258,520.0,796.0,ZTF,,
B2-1811+31,59468.246,0.0,0.0,0.0,1.6418943,0.019125523,0.019125523,520.0,796.0,ZTF,,
B2-1811+31,59470.184,0.0,0.0,0.0,1.698914,0.01970619,0.01970619,520.0,796.0,ZTF,,
B2-1811+31,59473.164,0.0,0.0,0.0,1.5340655,0.018029297,0.018029297,520.0,796.0,ZTF,,
B2-1811+31,59476.203,0.0,0.0,0.0,1.4680854,0.017359775,0.017359775,520.0,796.0,ZTF,,
B2-1811+31,59478.188,0.0,0.0,0.0,1.4656825,0.01733541,0.01733541,520.0,796.0,ZTF,,
B2-1811+31,59480.195,0.0,0.0,0.0,1.5581335,0.018273763,0.018273763,520.0,796.0,ZTF,,
B2-1811+31,59485.215,0.0,0.0,0.0,1.4132916,0.016804526,0.016804526,520.0,796.0,ZTF,,
B2-1811+31,59487.145,0.0,0.0,0.0,1.4428865,0.017104337,0.017104337,520.0,796.0,ZTF,,
B2-1811+31,59489.176,0.0,0.0,0.0,1.488309,0.017564883,0.017564883,520.0,796.0,ZTF,,
B2-1811+31,59491.17,0.0,0.0,0.0,1.4908892,0.017591061,0.017591061,520.0,796.0,ZTF,,
B2-1811+31,59498.152,0.0,0.0,0.0,1.3622134,0.016287576,0.016287576,520.0,796.0,ZTF,,
B2-1811+31,59502.16,0.0,0.0,0.0,1.4804665,0.017485334,0.017485334,520.0,796.0,ZTF,,
B2-1811+31,59504.137,0.0,0.0,0.0,1.5616398,0.01830939,0.01830939,520.0,796.0,ZTF,,
B2-1811+31,59510.145,0.0,0.0,0.0,1.609631,0.018797264,0.018797264,520.0,796.0,ZTF,,
B2-1811+31,59512.12,0.0,0.0,0.0,1.6147913,0.018849751,0.018849751,520.0,796.0,ZTF,,
B2-1811+31,59520.203,0.0,0.0,0.0,1.5508803,0.018200077,0.018200077,520.0,796.0,ZTF,,
B2-1811+31,59522.16,0.0,0.0,0.0,1.6178266,0.018880628,0.018880628,520.0,796.0,ZTF,,
B2-1811+31,59524.105,0.0,0.0,0.0,1.5977393,0.01867633,0.01867633,520.0,796.0,ZTF,,
B2-1811+31,59529.16,0.0,0.0,0.0,1.4983512,0.01766677,0.01766677,520.0,796.0,ZTF,,
B2-1811+31,59531.11,0.0,0.0,0.0,1.5220301,0.017907098,0.017907098,520.0,796.0,ZTF,,
B2-1811+31,59537.14,0.0,0.0,0.0,1.6558489,0.019267568,0.019267568,520.0,796.0,ZTF,,
B2-1811+31,59540.13,0.0,0.0,0.0,1.5464376,0.018154949,0.018154949,520.0,796.0,ZTF,,
B2-1811+31,59621.53,0.0,0.0,0.0,1.1071199,0.013716059,0.013716059,520.0,796.0,ZTF,,
B2-1811+31,59623.477,0.0,0.0,0.0,1.0825694,0.013469553,0.013469553,520.0,796.0,ZTF,,
B2-1811+31,59625.496,0.0,0.0,0.0,1.1079234,0.01372413,0.01372413,520.0,796.0,ZTF,,
B2-1811+31,59628.527,0.0,0.0,0.0,1.1356136,0.014002386,0.014002386,520.0,796.0,ZTF,,
B2-1811+31,59637.53,0.0,0.0,0.0,1.1925026,0.014574767,0.014574767,520.0,796.0,ZTF,,
B2-1811+31,59640.523,0.0,0.0,0.0,1.220442,0.014856214,0.014856214,520.0,796.0,ZTF,,
B2-1811+31,55806.215,0.0,0.0,0.0,0.9125951,0.012608369,0.012608369,520.0,796.0,KAIT,,
B2-1811+31,55809.184,0.0,0.0,0.0,0.935574,0.012064071,0.012064071,520.0,796.0,KAIT,,
B2-1811+31,55810.258,0.0,0.0,0.0,0.90756583,0.02006321,0.02006321,520.0,796.0,KAIT,,
B2-1811+31,55813.215,0.0,0.0,0.0,0.9347127,0.012052965,0.012052965,520.0,796.0,KAIT,,
B2-1811+31,55816.22,0.0,0.0,0.0,0.8579819,0.017386261,0.017386261,520.0,796.0,KAIT,,
B2-1811+31,55819.195,0.0,0.0,0.0,0.90673035,0.01586827,0.01586827,520.0,796.0,KAIT,,
B2-1811+31,55822.133,0.0,0.0,0.0,0.9050616,0.010003314,0.010003314,520.0,796.0,KAIT,,
B2-1811+31,55825.145,0.0,0.0,0.0,0.81861204,0.016588466,0.016588466,520.0,796.0,KAIT,,
B2-1811+31,55828.145,0.0,0.0,0.0,0.8812074,0.008927995,0.008927995,520.0,796.0,KAIT,,
B2-1811+31,55831.13,0.0,0.0,0.0,0.8691168,0.011207117,0.011207117,520.0,796.0,KAIT,,
B2-1811+31,55834.12,0.0,0.0,0.0,0.86432713,0.01910735,0.01910735,520.0,796.0,KAIT,,
B2-1811+31,55842.117,0.0,0.0,0.0,0.81861204,0.011309903,0.011309903,520.0,796.0,KAIT,,
B2-1811+31,55846.117,0.0,0.0,0.0,0.83845186,0.025487933,0.025487933,520.0,796.0,KAIT,,
B2-1811+31,56024.527,0.0,0.0,0.0,0.7846539,0.015900332,0.015900332,520.0,796.0,KAIT,,
B2-1811+31,56037.52,0.0,0.0,0.0,0.83459955,0.014605942,0.014605942,520.0,796.0,KAIT,,
B2-1811+31,56044.5,0.0,0.0,0.0,0.7356617,0.011519152,0.011519152,520.0,796.0,KAIT,,
B2-1811+31,56047.484,0.0,0.0,0.0,0.7051445,0.01688763,0.01688763,520.0,796.0,KAIT,,
B2-1811+31,56050.473,0.0,0.0,0.0,0.7465831,0.013753346,0.013753346,520.0,796.0,KAIT,,
B2-1811+31,56053.45,0.0,0.0,0.0,0.7336318,0.016893988,0.016893988,520.0,796.0,KAIT,,
B2-1811+31,56056.457,0.0,0.0,0.0,0.6430994,0.022512622,0.022512622,520.0,796.0,KAIT,,
B2-1811+31,56059.47,0.0,0.0,0.0,0.580067,0.010685833,0.010685833,520.0,796.0,KAIT,,
B2-1811+31,56062.45,0.0,0.0,0.0,0.6496481,0.009573914,0.009573914,520.0,796.0,KAIT,,
B2-1811+31,56065.47,0.0,0.0,0.0,0.69546956,0.010889814,0.010889814,520.0,796.0,KAIT,,
B2-1811+31,56068.434,0.0,0.0,0.0,0.64845246,0.01015361,0.01015361,520.0,796.0,KAIT,,
B2-1811+31,56071.43,0.0,0.0,0.0,0.6878253,0.008235834,0.008235834,520.0,796.0,KAIT,,
B2-1811+31,56074.434,0.0,0.0,0.0,0.6746494,0.0080780685,0.0080780685,520.0,796.0,KAIT,,
B2-1811+31,56079.465,0.0,0.0,0.0,0.62269896,0.016060535,0.016060535,520.0,796.0,KAIT,,
B2-1811+31,56081.457,0.0,0.0,0.0,0.6383783,0.017053105,0.017053105,520.0,796.0,KAIT,,
B2-1811+31,56084.438,0.0,0.0,0.0,0.643692,0.012450884,0.012450884,520.0,796.0,KAIT,,
B2-1811+31,56085.445,0.0,0.0,0.0,0.6765161,0.009969871,0.009969871,520.0,796.0,KAIT,,
B2-1811+31,56086.453,0.0,0.0,0.0,0.7006129,0.009679633,0.009679633,520.0,796.0,KAIT,,
B2-1811+31,56087.426,0.0,0.0,0.0,0.72423273,0.010673074,0.010673074,520.0,796.0,KAIT,,
B2-1811+31,56090.395,0.0,0.0,0.0,0.6878253,0.01330455,0.01330455,520.0,796.0,KAIT,,
B2-1811+31,56093.375,0.0,0.0,0.0,0.65807915,0.009091989,0.009091989,520.0,796.0,KAIT,,
B2-1811+31,56096.363,0.0,0.0,0.0,0.6284607,0.012735213,0.012735213,520.0,796.0,KAIT,,
B2-1811+31,56099.387,0.0,0.0,0.0,0.63194335,0.017463462,0.017463462,520.0,796.0,KAIT,,
B2-1811+31,56102.36,0.0,0.0,0.0,0.64785546,0.008950739,0.008950739,520.0,796.0,KAIT,,
B2-1811+31,56105.383,0.0,0.0,0.0,0.61983794,0.013702519,0.013702519,520.0,796.0,KAIT,,
B2-1811+31,56110.3,0.0,0.0,0.0,0.5784664,0.01705166,0.01705166,520.0,796.0,KAIT,,
B2-1811+31,56114.324,0.0,0.0,0.0,0.61869717,0.010827535,0.010827535,520.0,796.0,KAIT,,
B2-1811+31,56117.33,0.0,0.0,0.0,0.6890935,0.010789976,0.010789976,520.0,796.0,KAIT,,
B2-1811+31,56120.31,0.0,0.0,0.0,0.75072026,0.023512766,0.023512766,520.0,796.0,KAIT,,
B2-1811+31,56123.33,0.0,0.0,0.0,0.7660871,0.014818362,0.014818362,520.0,796.0,KAIT,,
B2-1811+31,56128.344,0.0,0.0,0.0,0.75557595,0.011134982,0.011134982,520.0,796.0,KAIT,,
B2-1811+31,56131.305,0.0,0.0,0.0,0.69546956,0.010889814,0.010889814,520.0,796.0,KAIT,,
B2-1811+31,56134.285,0.0,0.0,0.0,0.63896656,0.01118226,0.01118226,520.0,796.0,KAIT,,
B2-1811+31,56137.27,0.0,0.0,0.0,0.683405,0.011330426,0.011330426,520.0,796.0,KAIT,,
B2-1811+31,56140.273,0.0,0.0,0.0,0.6666197,0.0128943715,0.0128943715,520.0,796.0,KAIT,,
B2-1811+31,56143.293,0.0,0.0,0.0,0.6929121,0.038311232,0.038311232,520.0,796.0,KAIT,,
B2-1811+31,56147.324,0.0,0.0,0.0,0.69546956,0.010249189,0.010249189,520.0,796.0,KAIT,,
B2-1811+31,56150.25,0.0,0.0,0.0,0.7051445,0.011690853,0.011690853,520.0,796.0,KAIT,,
B2-1811+31,56153.234,0.0,0.0,0.0,0.7025515,0.010353556,0.010353556,520.0,796.0,KAIT,,
B2-1811+31,56156.215,0.0,0.0,0.0,0.68655944,0.010750297,0.010750297,520.0,796.0,KAIT,,
B2-1811+31,56159.203,0.0,0.0,0.0,0.72958875,0.012096124,0.012096124,520.0,796.0,KAIT,,
B2-1811+31,56162.215,0.0,0.0,0.0,0.7169323,0.00792399,0.00792399,520.0,796.0,KAIT,,
B2-1811+31,56165.19,0.0,0.0,0.0,0.74589574,0.0144278025,0.0144278025,520.0,796.0,KAIT,,
B2-1811+31,56168.207,0.0,0.0,0.0,0.7788936,0.010761155,0.010761155,520.0,796.0,KAIT,,
B2-1811+31,56172.234,0.0,0.0,0.0,0.64785546,0.017903186,0.017903186,520.0,796.0,KAIT,,
B2-1811+31,56175.18,0.0,0.0,0.0,0.59357846,0.0125751775,0.0125751775,520.0,796.0,KAIT,,
B2-1811+31,56177.184,0.0,0.0,0.0,0.5784664,0.008524905,0.008524905,520.0,796.0,KAIT,,
B2-1811+31,56180.152,0.0,0.0,0.0,0.605171,0.011705776,0.011705776,520.0,796.0,KAIT,,
B2-1811+31,56183.164,0.0,0.0,0.0,0.5627016,0.009329239,0.009329239,520.0,796.0,KAIT,,
B2-1811+31,56186.145,0.0,0.0,0.0,0.64547306,0.013079954,0.013079954,520.0,796.0,KAIT,,
B2-1811+31,56187.15,0.0,0.0,0.0,0.65807915,0.010304348,0.010304348,520.0,796.0,KAIT,,
B2-1811+31,56190.13,0.0,0.0,0.0,0.6703138,0.014818369,0.014818369,520.0,796.0,KAIT,,
B2-1811+31,56197.176,0.0,0.0,0.0,0.64073455,0.013574197,0.013574197,520.0,796.0,KAIT,,
B2-1811+31,56202.13,0.0,0.0,0.0,0.5892209,0.01954051,0.01954051,520.0,796.0,KAIT,,
B2-1811+31,56203.15,0.0,0.0,0.0,0.6046139,0.01058107,0.01058107,520.0,796.0,KAIT,,
B2-1811+31,56206.13,0.0,0.0,0.0,0.5979683,0.010464768,0.010464768,520.0,796.0,KAIT,,
B2-1811+31,56209.1,0.0,0.0,0.0,0.59522086,0.016997088,0.016997088,520.0,796.0,KAIT,,
B2-1811+31,56211.133,0.0,0.0,0.0,0.6325256,0.012817586,0.012817586,520.0,796.0,KAIT,,
B2-1811+31,56214.098,0.0,0.0,0.0,0.5736911,0.015325105,0.015325105,520.0,796.0,KAIT,,
B2-1811+31,56365.54,0.0,0.0,0.0,0.78176844,0.015841862,0.015841862,520.0,796.0,KAIT,,
B2-1811+31,56368.527,0.0,0.0,0.0,0.7269058,0.014060481,0.014060481,520.0,796.0,KAIT,,
B2-1811+31,56373.496,0.0,0.0,0.0,0.7803297,0.012218573,0.012218573,520.0,796.0,KAIT,,
B2-1811+31,56376.527,0.0,0.0,0.0,0.68655944,0.07412759,0.07412759,520.0,796.0,KAIT,,
B2-1811+31,56389.477,0.0,0.0,0.0,0.7215695,0.011963168,0.011963168,520.0,796.0,KAIT,,
B2-1811+31,56394.453,0.0,0.0,0.0,0.7169323,0.009244722,0.009244722,520.0,796.0,KAIT,,
B2-1811+31,56398.48,0.0,0.0,0.0,0.77817655,0.009317675,0.009317675,520.0,796.0,KAIT,,
B2-1811+31,56401.465,0.0,0.0,0.0,0.77746016,0.009309097,0.009309097,520.0,796.0,KAIT,,
B2-1811+31,56404.48,0.0,0.0,0.0,0.8088689,0.022352718,0.022352718,520.0,796.0,KAIT,,
B2-1811+31,56408.38,0.0,0.0,0.0,0.9688982,0.029453345,0.029453345,520.0,796.0,KAIT,,
B2-1811+31,56411.426,0.0,0.0,0.0,0.7933743,0.012422828,0.012422828,520.0,796.0,KAIT,,
B2-1811+31,56414.418,0.0,0.0,0.0,0.73633957,0.009494976,0.009494976,520.0,796.0,KAIT,,
B2-1811+31,56417.426,0.0,0.0,0.0,0.8051525,0.011865595,0.011865595,520.0,796.0,KAIT,,
B2-1811+31,56420.426,0.0,0.0,0.0,0.8369088,0.023898713,0.023898713,520.0,796.0,KAIT,,
B2-1811+31,56423.42,0.0,0.0,0.0,0.8779669,0.012129947,0.012129947,520.0,796.0,KAIT,,
B2-1811+31,56426.4,0.0,0.0,0.0,0.84698975,0.010921792,0.010921792,520.0,796.0,KAIT,,
B2-1811+31,56429.406,0.0,0.0,0.0,0.8755443,0.00967707,0.00967707,520.0,796.0,KAIT,,
B2-1811+31,56432.4,0.0,0.0,0.0,0.76962316,0.02836038,0.02836038,520.0,796.0,KAIT,,
B2-1811+31,56435.367,0.0,0.0,0.0,0.6790131,0.01125761,0.01125761,520.0,796.0,KAIT,,
B2-1811+31,56439.387,0.0,0.0,0.0,0.73905736,0.01974256,0.01974256,520.0,796.0,KAIT,,
B2-1811+31,56442.367,0.0,0.0,0.0,0.8088689,0.01043023,0.01043023,520.0,796.0,KAIT,,
B2-1811+31,56445.35,0.0,0.0,0.0,0.8021917,0.011083039,0.011083039,520.0,796.0,KAIT,,
B2-1811+31,56449.4,0.0,0.0,0.0,0.8369088,0.012333591,0.012333591,520.0,796.0,KAIT,,
B2-1811+31,56452.414,0.0,0.0,0.0,0.93213356,0.011161114,0.011161114,520.0,796.0,KAIT,,
B2-1811+31,56455.414,0.0,0.0,0.0,1.0080409,0.015784124,0.015784124,520.0,796.0,KAIT,,
B2-1811+31,56458.39,0.0,0.0,0.0,0.94597167,0.020040758,0.020040758,520.0,796.0,KAIT,,
B2-1811+31,56461.363,0.0,0.0,0.0,0.8715216,0.012040898,0.012040898,520.0,796.0,KAIT,,
B2-1811+31,56465.324,0.0,0.0,0.0,0.8635314,0.014316808,0.014316808,520.0,796.0,KAIT,,
B2-1811+31,56469.402,0.0,0.0,0.0,0.86273646,0.016687842,0.016687842,520.0,796.0,KAIT,,
B2-1811+31,56472.363,0.0,0.0,0.0,0.786825,0.0072470284,0.0072470284,520.0,796.0,KAIT,,
B2-1811+31,56479.34,0.0,0.0,0.0,0.7985059,0.01250318,0.01250318,520.0,796.0,KAIT,,
B2-1811+31,56482.324,0.0,0.0,0.0,0.7175929,0.012558264,0.012558264,520.0,796.0,KAIT,,
B2-1811+31,56485.33,0.0,0.0,0.0,0.77746016,0.0128898015,0.0128898015,520.0,796.0,KAIT,,
B2-1811+31,56488.293,0.0,0.0,0.0,0.8619422,0.010320662,0.010320662,520.0,796.0,KAIT,,
B2-1811+31,56491.285,0.0,0.0,0.0,0.8407718,0.013164989,0.013164989,520.0,796.0,KAIT,,
B2-1811+31,56494.27,0.0,0.0,0.0,0.77817655,0.01791976,0.01791976,520.0,796.0,KAIT,,
B2-1811+31,56498.273,0.0,0.0,0.0,0.711014,0.012443129,0.012443129,520.0,796.0,KAIT,,
B2-1811+31,56501.26,0.0,0.0,0.0,0.6401447,0.0135617005,0.0135617005,520.0,796.0,KAIT,,
B2-1811+31,56504.25,0.0,0.0,0.0,0.6040573,0.011684232,0.011684232,520.0,796.0,KAIT,,
B2-1811+31,56507.234,0.0,0.0,0.0,0.6085246,0.012331225,0.012331225,520.0,796.0,KAIT,,
