ecsv/2025f_B21811+31/magic_2025f_fig3_lc_Swift_UVOT.ecsv
# %ECSV 0.9
# ---
# delimiter: ','
# datatype:
# - {name: srcname   , unit: latex, datatype: string  , description: Source name                             }
# - {name: t         , unit: mjd  , datatype: float32 , description: Time of measurement                     }
# - {name: t_wlo     , unit: d    , datatype: float32 , description: Lower width of time bin                 }
# - {name: t_wup     , unit: d    , datatype: float32 , description: Upper width of time bin                 }
# - {name: t_exp     , unit: d    , datatype: float32 , description: Exposure time                           }
# - {name: flux      , unit: Jy   , datatype: float32 , description: Flux measured above the energy threshold}
# - {name: flux_elo  , unit: Jy   , datatype: float32 , description: Lower uncertainty of flux               }
# - {name: flux_eup  , unit: Jy   , datatype: float32 , description: Upper uncertainty of flux               }
# - {name: eth_lo    , unit: Hz   , datatype: float32 , description: Assumed lower energy threshold for integral flux calculation}
# - {name: eth_up    , unit: Hz   , datatype: float32 , description: Assumed upper energy threshold for integral flux calculation}
# - {name: instrument, unit: latex, datatype: string  , description: Instrument                              }
# - {name: dataformat, unit: latex, datatype: string  , description: Data Format                             }
# - {name: comments  , unit: latex, datatype: string  , description: Comments                                }
# meta: !!omap
# - {Filename : "magic_2025f_fig3_lc_Swift_UVOT.ecsv"}
# - {Source   : "B2-1811+31"}
# - {Figure   : "Fig. 3 Flare light-curve in a 70-day period surrounding MAGIC campaign"}
# - {Title    : "Very-high-energy gamma-ray detection and long-term multi-wavelength view of the flaring blazar B2 1811+31"}
# - {Comments : "Only Swift-UVOT data"}
# - {Reference: "magic_2025f.yaml"}
# - {Status   : "checked"}

srcname,t,t_wlo,t_wup,t_exp,flux,flux_elo,flux_eup,eth_lo,eth_up,instrument,dataformat,comments
B2-1811+31,59134.85326389,0.0,0.0,0.0,2.8156765,0.13465498,0.13465498,512246820000000.0,589736300000000.0,Swift-UVOT,,V
B2-1811+31,59136.84833333,0.0,0.0,0.0,2.8156765,0.10990507,0.10990507,512246820000000.0,589736300000000.0,Swift-UVOT,,V
B2-1811+31,59138.85178241,0.0,0.0,0.0,2.5679274,0.10023461,0.10023461,512246820000000.0,589736300000000.0,Swift-UVOT,,V
B2-1811+31,59156.82778935,0.0,0.0,0.0,2.4523516,0.13916321,0.13916321,512246820000000.0,589736300000000.0,Swift-UVOT,,V
B2-1811+31,59157.82333333,0.0,0.0,0.0,2.407591,0.13662319,0.13662319,512246820000000.0,589736300000000.0,Swift-UVOT,,V
B2-1811+31,59134.85326389,0.0,0.0,0.0,2.460696,0.07844647,0.07844647,614391800000000.0,767812650000000.0,Swift-UVOT,,B
B2-1811+31,59136.84833333,0.0,0.0,0.0,2.438136,0.077727266,0.077727266,614391800000000.0,767812650000000.0,Swift-UVOT,,B
B2-1811+31,59138.85178241,0.0,0.0,0.0,2.307055,0.07354843,0.07354843,614391800000000.0,767812650000000.0,Swift-UVOT,,B
B2-1811+31,59156.82778935,0.0,0.0,0.0,2.3499465,0.0749158,0.0749158,614391800000000.0,767812650000000.0,Swift-UVOT,,B
B2-1811+31,59157.82333333,0.0,0.0,0.0,2.1235278,0.06769762,0.06769762,614391800000000.0,767812650000000.0,Swift-UVOT,,B
B2-1811+31,59128.28304398,0.0,0.0,0.0,1.7219361,0.05290452,0.05290452,777167760000000.0,975728100000000.0,Swift-UVOT,,U
B2-1811+31,59132.28652778,0.0,0.0,0.0,1.9231671,0.059087116,0.059087116,777167760000000.0,975728100000000.0,Swift-UVOT,,U
B2-1811+31,59134.85326389,0.0,0.0,0.0,1.9589214,0.07245646,0.07245646,777167760000000.0,975728100000000.0,Swift-UVOT,,U
B2-1811+31,59136.84833333,0.0,0.0,0.0,2.0324366,0.075175636,0.075175636,777167760000000.0,975728100000000.0,Swift-UVOT,,U
B2-1811+31,59138.85178241,0.0,0.0,0.0,1.8366103,0.06793243,0.06793243,777167760000000.0,975728100000000.0,Swift-UVOT,,U
B2-1811+31,59156.82778935,0.0,0.0,0.0,1.7865576,0.06608108,0.06608108,777167760000000.0,975728100000000.0,Swift-UVOT,,U
B2-1811+31,59157.82333333,0.0,0.0,0.0,1.6444361,0.060824297,0.060824297,777167760000000.0,975728100000000.0,Swift-UVOT,,U
B2-1811+31,59134.85326389,0.0,0.0,0.0,1.4927162,0.069526784,0.069526784,1017452800000000.0,1330341600000000.0,Swift-UVOT,,W1
B2-1811+31,59136.84833333,0.0,0.0,0.0,1.4927162,0.069526784,0.069526784,1017452800000000.0,1330341600000000.0,Swift-UVOT,,W1
B2-1811+31,59138.85178241,0.0,0.0,0.0,1.3365256,0.06225183,0.06225183,1017452800000000.0,1330341600000000.0,Swift-UVOT,,W1
B2-1811+31,59156.82778935,0.0,0.0,0.0,1.3001015,0.060555294,0.060555294,1017452800000000.0,1330341600000000.0,Swift-UVOT,,W1
B2-1811+31,59157.82333333,0.0,0.0,0.0,1.2077506,0.05625383,0.05625383,1017452800000000.0,1330341600000000.0,Swift-UVOT,,W1
B2-1811+31,59134.85326389,0.0,0.0,0.0,1.4638077,0.05997509,0.05997509,1201573000000000.0,1501214100000000.0,Swift-UVOT,,M2
B2-1811+31,59136.84833333,0.0,0.0,0.0,1.3979255,0.05727577,0.05727577,1201573000000000.0,1501214100000000.0,Swift-UVOT,,M2
B2-1811+31,59138.85178241,0.0,0.0,0.0,1.2749232,0.05223612,0.05223612,1201573000000000.0,1501214100000000.0,Swift-UVOT,,M2
B2-1811+31,59156.82778935,0.0,0.0,0.0,1.2063797,0.04942776,0.04942776,1201573000000000.0,1501214100000000.0,Swift-UVOT,,M2
B2-1811+31,59157.82333333,0.0,0.0,0.0,1.0507128,0.04304978,0.04304978,1201573000000000.0,1501214100000000.0,Swift-UVOT,,M2
B2-1811+31,59125.44207176,0.0,0.0,0.0,1.0565461,0.043511566,0.043511566,1328572800000000.0,1874288600000000.0,Swift-UVOT,,W2
B2-1811+31,59134.85326389,0.0,0.0,0.0,1.1063396,0.050941836,0.050941836,1328572800000000.0,1874288600000000.0,Swift-UVOT,,W2
B2-1811+31,59136.84833333,0.0,0.0,0.0,1.1165764,0.045983784,0.045983784,1328572800000000.0,1874288600000000.0,Swift-UVOT,,W2
B2-1811+31,59138.85178241,0.0,0.0,0.0,1.0183297,0.04688939,0.04688939,1328572800000000.0,1874288600000000.0,Swift-UVOT,,W2
B2-1811+31,59156.82778935,0.0,0.0,0.0,0.9373212,0.04315932,0.04315932,1328572800000000.0,1874288600000000.0,Swift-UVOT,,W2
B2-1811+31,59157.82333333,0.0,0.0,0.0,0.84700984,0.0390009,0.0390009,1328572800000000.0,1874288600000000.0,Swift-UVOT,,W2

