ecsv/2025f_B21811+31/magic_2025f_fig1_lc_OpticalRband.ecsv
# %ECSV 0.9
# ---
# delimiter: ','
# datatype:
# - {name: srcname   , unit: latex, datatype: string  , description: Source name                             }
# - {name: t         , unit: mjd  , datatype: float32 , description: Time of measurement                     }
# - {name: t_wlo     , unit: d    , datatype: float32 , description: Lower width of time bin                 }
# - {name: t_wup     , unit: d    , datatype: float32 , description: Upper width of time bin                 }
# - {name: t_exp     , unit: d    , datatype: float32 , description: Exposure time                           }
# - {name: flux      , unit: mJy   , datatype: float32 , description: Flux measured above the energy threshold}
# - {name: flux_elo  , unit: mJy   , datatype: float32 , description: Lower uncertainty of flux               }
# - {name: flux_eup  , unit: mJy   , datatype: float32 , description: Upper uncertainty of flux               }
# - {name: eth_lo    , unit: nm   , datatype: float32 , description: Assumed lower energy threshold for integral flux calculation}
# - {name: eth_up    , unit: nm   , datatype: float32 , description: Assumed upper energy threshold for integral flux calculation}
# - {name: instrument, unit: latex, datatype: string  , description: Instrument                              }
# - {name: dataformat, unit: latex, datatype: string  , description: Data Format                             }
# - {name: comments  , unit: latex, datatype: string  , description: Comments                                }
# meta: !!omap
# - {Filename : "magic_2025f_fig1_lc_OpticalRband.ecsv"}
# - {Source   : "B2-1811+31"}
# - {Figure   : "Fig. 1 Long-term light-curve"}
# - {Title    : "Very-high-energy gamma-ray detection and long-term multi-wavelength view of the flaring blazar B2 1811+31"}
# - {Comments : "Only optical R-band data"}
# - {Reference: "magic_2025.yaml"}
# - {Status   : "checked"}

[from data line 388]
B2-1811+31,58669.406,0.0,0.0,0.0,2.6725204,0.029713193,0.029713193,520.0,796.0,ZTF,,
B2-1811+31,58670.387,0.0,0.0,0.0,2.6978223,0.029968886,0.029968886,520.0,796.0,ZTF,,
B2-1811+31,58672.227,0.0,0.0,0.0,2.7166412,0.030163618,0.030163618,520.0,796.0,ZTF,,
B2-1811+31,58672.44,0.0,0.0,0.0,2.6815488,0.031435043,0.031435043,520.0,796.0,ZTF,,
B2-1811+31,58673.223,0.0,0.0,0.0,2.6145763,0.029108021,0.029108021,520.0,796.0,ZTF,,
B2-1811+31,58675.285,0.0,0.0,0.0,2.4054508,0.026950074,0.026950074,520.0,796.0,ZTF,,
B2-1811+31,58676.285,0.0,0.0,0.0,2.3618917,0.026500607,0.026500607,520.0,796.0,ZTF,,
B2-1811+31,58677.258,0.0,0.0,0.0,2.3810198,0.02669768,0.02669768,520.0,796.0,ZTF,,
B2-1811+31,58678.23,0.0,0.0,0.0,2.2706368,0.02556631,0.02556631,520.0,796.0,ZTF,,
B2-1811+31,58679.246,0.0,0.0,0.0,2.2162848,0.02500223,0.02500223,520.0,796.0,ZTF,,
B2-1811+31,58679.266,0.0,0.0,0.0,2.2449267,0.026682932,0.026682932,520.0,796.0,ZTF,,
B2-1811+31,58681.28,0.0,0.0,0.0,2.0935688,0.02374193,0.02374193,520.0,796.0,ZTF,,
B2-1811+31,58683.3,0.0,0.0,0.0,2.0801342,0.024906635,0.024906635,520.0,796.0,ZTF,,
B2-1811+31,58684.312,0.0,0.0,0.0,2.1420546,0.024239926,0.024239926,520.0,796.0,ZTF,,
B2-1811+31,58685.32,0.0,0.0,0.0,2.1801689,0.024631074,0.024631074,520.0,796.0,ZTF,,
B2-1811+31,58686.305,0.0,0.0,0.0,2.1435776,0.02425524,0.02425524,520.0,796.0,ZTF,,
B2-1811+31,58688.34,0.0,0.0,0.0,2.1163545,0.025296174,0.025296174,520.0,796.0,ZTF,,
B2-1811+31,58688.367,0.0,0.0,0.0,2.1424167,0.024243947,0.024243947,520.0,796.0,ZTF,,
B2-1811+31,58690.363,0.0,0.0,0.0,2.1066697,0.023876365,0.023876365,520.0,796.0,ZTF,,
B2-1811+31,58691.19,0.0,0.0,0.0,2.0194287,0.022984045,0.022984045,520.0,796.0,ZTF,,
B2-1811+31,58692.31,0.0,0.0,0.0,2.0303137,0.024371667,0.024371667,520.0,796.0,ZTF,,
B2-1811+31,58692.32,0.0,0.0,0.0,2.0178866,0.022965884,0.022965884,520.0,796.0,ZTF,,
B2-1811+31,58693.227,0.0,0.0,0.0,2.012009,0.022905655,0.022905655,520.0,796.0,ZTF,,
B2-1811+31,58694.2,0.0,0.0,0.0,2.048588,0.023280581,0.023280581,520.0,796.0,ZTF,,
B2-1811+31,58696.184,0.0,0.0,0.0,2.037075,0.024444211,0.024444211,520.0,796.0,ZTF,,
B2-1811+31,58696.348,0.0,0.0,0.0,2.0685737,0.023485528,0.023485528,520.0,796.0,ZTF,,
B2-1811+31,58697.28,0.0,0.0,0.0,2.1119258,0.023935987,0.023935987,520.0,796.0,ZTF,,
B2-1811+31,58698.406,0.0,0.0,0.0,2.149764,0.024318768,0.024318768,520.0,796.0,ZTF,,
B2-1811+31,58700.285,0.0,0.0,0.0,2.1391613,0.024209924,0.024209924,520.0,796.0,ZTF,,
B2-1811+31,58703.184,0.0,0.0,0.0,2.247094,0.025320388,0.025320388,520.0,796.0,ZTF,,
B2-1811+31,58703.383,0.0,0.0,0.0,2.2302647,0.026524482,0.026524482,520.0,796.0,ZTF,,
B2-1811+31,58704.18,0.0,0.0,0.0,2.2451165,0.025298674,0.025298674,520.0,796.0,ZTF,,
B2-1811+31,58705.188,0.0,0.0,0.0,2.2530105,0.02537986,0.02537986,520.0,796.0,ZTF,,
B2-1811+31,58707.168,0.0,0.0,0.0,2.1465063,0.024292385,0.024292385,520.0,796.0,ZTF,,
B2-1811+31,58709.27,0.0,0.0,0.0,2.1661487,0.024487047,0.024487047,520.0,796.0,ZTF,,
B2-1811+31,58710.242,0.0,0.0,0.0,2.1692138,0.025865562,0.025865562,520.0,796.0,ZTF,,
B2-1811+31,58711.297,0.0,0.0,0.0,2.2076366,0.024923185,0.024923185,520.0,796.0,ZTF,,
B2-1811+31,58713.246,0.0,0.0,0.0,2.2034755,0.02487057,0.02487057,520.0,796.0,ZTF,,
B2-1811+31,58714.355,0.0,0.0,0.0,2.3279474,0.026151314,0.026151314,520.0,796.0,ZTF,,
B2-1811+31,58715.32,0.0,0.0,0.0,2.33885,0.026263285,0.026263285,520.0,796.0,ZTF,,
B2-1811+31,58717.312,0.0,0.0,0.0,2.206962,0.024906402,0.024906402,520.0,796.0,ZTF,,
B2-1811+31,58718.38,0.0,0.0,0.0,2.2788222,0.02704953,0.02704953,520.0,796.0,ZTF,,
B2-1811+31,58719.375,0.0,0.0,0.0,2.212863,0.024967058,0.024967058,520.0,796.0,ZTF,,
B2-1811+31,58720.35,0.0,0.0,0.0,2.197327,0.024830088,0.024830088,520.0,796.0,ZTF,,
B2-1811+31,58724.164,0.0,0.0,0.0,2.1345365,0.024162406,0.024162406,520.0,796.0,ZTF,,
B2-1811+31,58725.227,0.0,0.0,0.0,2.0979366,0.025098035,0.025098035,520.0,796.0,ZTF,,
B2-1811+31,58725.246,0.0,0.0,0.0,2.1029444,0.023838136,0.023838136,520.0,796.0,ZTF,,
B2-1811+31,58728.22,0.0,0.0,0.0,2.1503553,0.024324838,0.024324838,520.0,796.0,ZTF,,
B2-1811+31,58731.13,0.0,0.0,0.0,1.9662746,0.022437207,0.022437207,520.0,796.0,ZTF,,
B2-1811+31,58732.227,0.0,0.0,0.0,1.980683,0.022584751,0.022584751,520.0,796.0,ZTF,,
B2-1811+31,58733.14,0.0,0.0,0.0,1.9755952,0.023785247,0.023785247,520.0,796.0,ZTF,,
B2-1811+31,58733.23,0.0,0.0,0.0,1.9757134,0.022533854,0.022533854,520.0,796.0,ZTF,,
B2-1811+31,58734.324,0.0,0.0,0.0,2.0130806,0.022918697,0.022918697,520.0,796.0,ZTF,,
B2-1811+31,58736.19,0.0,0.0,0.0,2.0397093,0.023189556,0.023189556,520.0,796.0,ZTF,,
B2-1811+31,58740.27,0.0,0.0,0.0,2.0967155,0.02377613,0.02377613,520.0,796.0,ZTF,,
B2-1811+31,58742.12,0.0,0.0,0.0,2.1479502,0.02430014,0.02430014,520.0,796.0,ZTF,,
B2-1811+31,58744.12,0.0,0.0,0.0,2.1321998,0.024138417,0.024138417,520.0,796.0,ZTF,,
B2-1811+31,58747.125,0.0,0.0,0.0,2.2003167,0.026201082,0.026201082,520.0,796.0,ZTF,,
B2-1811+31,58747.258,0.0,0.0,0.0,2.268926,0.025543572,0.025543572,520.0,796.0,ZTF,,
B2-1811+31,58749.27,0.0,0.0,0.0,2.2556515,0.02541009,0.02541009,520.0,796.0,ZTF,,
B2-1811+31,58750.277,0.0,0.0,0.0,2.1900303,0.024747606,0.024747606,520.0,796.0,ZTF,,
B2-1811+31,58751.117,0.0,0.0,0.0,2.2038891,0.026239641,0.026239641,520.0,796.0,ZTF,,
B2-1811+31,58751.24,0.0,0.0,0.0,2.2257185,0.025104735,0.025104735,520.0,796.0,ZTF,,
B2-1811+31,58754.133,0.0,0.0,0.0,2.4539628,0.027449682,0.027449682,520.0,796.0,ZTF,,
B2-1811+31,58758.27,0.0,0.0,0.0,2.2149122,0.026358651,0.026358651,520.0,796.0,ZTF,,
B2-1811+31,58758.28,0.0,0.0,0.0,2.2272973,0.025115443,0.025115443,520.0,796.0,ZTF,,
B2-1811+31,58759.277,0.0,0.0,0.0,2.2706506,0.025561318,0.025561318,520.0,796.0,ZTF,,
B2-1811+31,58760.258,0.0,0.0,0.0,2.137315,0.024190936,0.024190936,520.0,796.0,ZTF,,
B2-1811+31,58761.125,0.0,0.0,0.0,2.1314194,0.024132354,0.024132354,520.0,796.0,ZTF,,
B2-1811+31,58762.13,0.0,0.0,0.0,2.0691667,0.02349241,0.02349241,520.0,796.0,ZTF,,
B2-1811+31,58763.258,0.0,0.0,0.0,2.1241655,0.024055937,0.024055937,520.0,796.0,ZTF,,
B2-1811+31,58765.156,0.0,0.0,0.0,2.04852,0.023280248,0.023280248,520.0,796.0,ZTF,,
B2-1811+31,58767.14,0.0,0.0,0.0,2.1173863,0.023991488,0.023991488,520.0,796.0,ZTF,,
B2-1811+31,58770.203,0.0,0.0,0.0,2.3432567,0.026308667,0.026308667,520.0,796.0,ZTF,,
B2-1811+31,58773.098,0.0,0.0,0.0,1.9737691,0.022513945,0.022513945,520.0,796.0,ZTF,,
B2-1811+31,58779.098,0.0,0.0,0.0,2.0708427,0.023508802,0.023508802,520.0,796.0,ZTF,,
B2-1811+31,58782.117,0.0,0.0,0.0,1.9846623,0.022625504,0.022625504,520.0,796.0,ZTF,,
B2-1811+31,58785.1,0.0,0.0,0.0,2.0028965,0.022812286,0.022812286,520.0,796.0,ZTF,,
B2-1811+31,58792.12,0.0,0.0,0.0,2.1605525,0.024429565,0.024429565,520.0,796.0,ZTF,,
B2-1811+31,58795.082,0.0,0.0,0.0,1.9735558,0.022511762,0.022511762,520.0,796.0,ZTF,,
B2-1811+31,58886.57,0.0,0.0,0.0,2.2736962,0.02559265,0.02559265,520.0,796.0,ZTF,,
B2-1811+31,58892.54,0.0,0.0,0.0,2.3511343,0.026389804,0.026389804,520.0,796.0,ZTF,,
B2-1811+31,58895.51,0.0,0.0,0.0,2.4965785,0.027889334,0.027889334,520.0,796.0,ZTF,,
B2-1811+31,58900.484,0.0,0.0,0.0,2.3009615,0.025873218,0.025873218,520.0,796.0,ZTF,,
B2-1811+31,58904.535,0.0,0.0,0.0,2.156872,0.024391763,0.024391763,520.0,796.0,ZTF,,
B2-1811+31,58908.504,0.0,0.0,0.0,2.0912383,0.023718024,0.023718024,520.0,796.0,ZTF,,
B2-1811+31,58911.508,0.0,0.0,0.0,2.1059425,0.023868904,0.023868904,520.0,796.0,ZTF,,
B2-1811+31,58914.523,0.0,0.0,0.0,2.1816018,0.024645796,0.024645796,520.0,796.0,ZTF,,
B2-1811+31,58936.527,0.0,0.0,0.0,2.228348,0.025126247,0.025126247,520.0,796.0,ZTF,,
B2-1811+31,58939.49,0.0,0.0,0.0,2.0979996,0.023787398,0.023787398,520.0,796.0,ZTF,,
B2-1811+31,58943.49,0.0,0.0,0.0,2.307884,0.02594447,0.02594447,520.0,796.0,ZTF,,
B2-1811+31,58953.453,0.0,0.0,0.0,2.5107718,0.028035827,0.028035827,520.0,796.0,ZTF,,
B2-1811+31,58953.477,0.0,0.0,0.0,2.4915414,0.029359324,0.029359324,520.0,796.0,ZTF,,
B2-1811+31,58956.504,0.0,0.0,0.0,2.457735,0.027520254,0.027520254,520.0,796.0,ZTF,,
B2-1811+31,58961.438,0.0,0.0,0.0,2.4334922,0.027238546,0.027238546,520.0,796.0,ZTF,,
B2-1811+31,58964.426,0.0,0.0,0.0,2.4054337,0.02694928,0.02694928,520.0,796.0,ZTF,,
B2-1811+31,58967.414,0.0,0.0,0.0,2.6050653,0.029009726,0.029009726,520.0,796.0,ZTF,,
B2-1811+31,58970.41,0.0,0.0,0.0,2.4684906,0.027599523,0.027599523,520.0,796.0,ZTF,,
B2-1811+31,58973.336,0.0,0.0,0.0,2.4412508,0.027318554,0.027318554,520.0,796.0,ZTF,,
B2-1811+31,58976.355,0.0,0.0,0.0,2.2605968,0.025457887,0.025457887,520.0,796.0,ZTF,,
B2-1811+31,58979.35,0.0,0.0,0.0,2.1992311,0.024826948,0.024826948,520.0,796.0,ZTF,,
B2-1811+31,58985.45,0.0,0.0,0.0,2.4072642,0.026971145,0.026971145,520.0,796.0,ZTF,,
B2-1811+31,58991.445,0.0,0.0,0.0,2.1321754,0.024138166,0.024138166,520.0,796.0,ZTF,,
B2-1811+31,58997.43,0.0,0.0,0.0,2.0694551,0.02349457,0.02349457,520.0,796.0,ZTF,,
B2-1811+31,59000.363,0.0,0.0,0.0,1.9297739,0.022070339,0.022070339,520.0,796.0,ZTF,,
B2-1811+31,59008.336,0.0,0.0,0.0,2.1097379,0.023907855,0.023907855,520.0,796.0,ZTF,,
B2-1811+31,59012.277,0.0,0.0,0.0,2.2355487,0.025200285,0.025200285,520.0,796.0,ZTF,,
B2-1811+31,59013.39,0.0,0.0,0.0,2.2836864,0.025696088,0.025696088,520.0,796.0,ZTF,,
B2-1811+31,59015.332,0.0,0.0,0.0,2.364771,0.026530271,0.026530271,520.0,796.0,ZTF,,
B2-1811+31,59016.258,0.0,0.0,0.0,2.3866816,0.02675602,0.02675602,520.0,796.0,ZTF,,
B2-1811+31,59017.28,0.0,0.0,0.0,2.425543,0.027156588,0.027156588,520.0,796.0,ZTF,,
B2-1811+31,59019.363,0.0,0.0,0.0,2.3395054,0.02627004,0.02627004,520.0,796.0,ZTF,,
B2-1811+31,59020.28,0.0,0.0,0.0,2.3558724,0.026438605,0.026438605,520.0,796.0,ZTF,,
B2-1811+31,59022.254,0.0,0.0,0.0,2.3393843,0.026268793,0.026268793,520.0,796.0,ZTF,,
B2-1811+31,59023.31,0.0,0.0,0.0,2.4085248,0.026981141,0.026981141,520.0,796.0,ZTF,,
B2-1811+31,59024.258,0.0,0.0,0.0,2.569473,0.028641976,0.028641976,520.0,796.0,ZTF,,
B2-1811+31,59025.367,0.0,0.0,0.0,2.4942527,0.027865333,0.027865333,520.0,796.0,ZTF,,
B2-1811+31,59027.277,0.0,0.0,0.0,2.4854217,0.027774207,0.027774207,520.0,796.0,ZTF,,
B2-1811+31,59028.254,0.0,0.0,0.0,2.4846992,0.027766747,0.027766747,520.0,796.0,ZTF,,
B2-1811+31,59031.37,0.0,0.0,0.0,2.7196448,0.030194702,0.030194702,520.0,796.0,ZTF,,
B2-1811+31,59032.32,0.0,0.0,0.0,2.6774728,0.02975837,0.02975837,520.0,796.0,ZTF,,
B2-1811+31,59033.332,0.0,0.0,0.0,2.8080187,0.03110979,0.03110979,520.0,796.0,ZTF,,
B2-1811+31,59034.34,0.0,0.0,0.0,2.8044984,0.031073326,0.031073326,520.0,796.0,ZTF,,
B2-1811+31,59035.332,0.0,0.0,0.0,2.768094,0.030696267,0.030696267,520.0,796.0,ZTF,,
B2-1811+31,59038.29,0.0,0.0,0.0,2.886286,0.031925086,0.031925086,520.0,796.0,ZTF,,
B2-1811+31,59039.312,0.0,0.0,0.0,2.7287662,0.030289108,0.030289108,520.0,796.0,ZTF,,
B2-1811+31,59041.27,0.0,0.0,0.0,2.634427,0.02931322,0.02931322,520.0,796.0,ZTF,,
B2-1811+31,59044.246,0.0,0.0,0.0,2.745104,0.03045823,0.03045823,520.0,796.0,ZTF,,
B2-1811+31,59047.33,0.0,0.0,0.0,2.5640824,0.028586295,0.028586295,520.0,796.0,ZTF,,
B2-1811+31,59050.277,0.0,0.0,0.0,2.2197154,0.025037495,0.025037495,520.0,796.0,ZTF,,
B2-1811+31,59053.324,0.0,0.0,0.0,2.4020154,0.026914049,0.026914049,520.0,796.0,ZTF,,
B2-1811+31,59056.35,0.0,0.0,0.0,2.5231056,0.028163146,0.028163146,520.0,796.0,ZTF,,
B2-1811+31,59061.27,0.0,0.0,0.0,2.8437912,0.03148048,0.03148048,520.0,796.0,ZTF,,
B2-1811+31,59062.31,0.0,0.0,0.0,2.8150024,0.031182148,0.031182148,520.0,796.0,ZTF,,
B2-1811+31,59065.348,0.0,0.0,0.0,2.5901616,0.028855715,0.028855715,520.0,796.0,ZTF,,
B2-1811+31,59068.254,0.0,0.0,0.0,2.3320353,0.026193116,0.026193116,520.0,796.0,ZTF,,
B2-1811+31,59072.207,0.0,0.0,0.0,2.6072378,0.029032176,0.029032176,520.0,796.0,ZTF,,
B2-1811+31,59075.23,0.0,0.0,0.0,2.2623131,0.025475545,0.025475545,520.0,796.0,ZTF,,
B2-1811+31,59078.273,0.0,0.0,0.0,2.3472965,0.026350273,0.026350273,520.0,796.0,ZTF,,
B2-1811+31,59081.203,0.0,0.0,0.0,2.3023503,0.025887517,0.025887517,520.0,796.0,ZTF,,
B2-1811+31,59086.17,0.0,0.0,0.0,2.4850156,0.027770013,0.027770013,520.0,796.0,ZTF,,
B2-1811+31,59093.223,0.0,0.0,0.0,2.1870122,0.024701385,0.024701385,520.0,796.0,ZTF,,
B2-1811+31,59096.277,0.0,0.0,0.0,2.1793075,0.024622224,0.024622224,520.0,796.0,ZTF,,
B2-1811+31,59099.19,0.0,0.0,0.0,2.2145703,0.024984607,0.024984607,520.0,796.0,ZTF,,
B2-1811+31,59111.22,0.0,0.0,0.0,2.2880566,0.025740413,0.025740413,520.0,796.0,ZTF,,
B2-1811+31,59115.164,0.0,0.0,0.0,2.2415006,0.02526149,0.02526149,520.0,796.0,ZTF,,
B2-1811+31,59116.19,0.0,0.0,0.0,2.3327096,0.026200056,0.026200056,520.0,796.0,ZTF,,
B2-1811+31,59117.13,0.0,0.0,0.0,2.417592,0.027074615,0.027074615,520.0,796.0,ZTF,,
B2-1811+31,59118.223,0.0,0.0,0.0,2.5463538,0.02840319,0.02840319,520.0,796.0,ZTF,,
B2-1811+31,59119.164,0.0,0.0,0.0,2.5381093,0.028318055,0.028318055,520.0,796.0,ZTF,,
B2-1811+31,59120.203,0.0,0.0,0.0,2.5268028,0.028201316,0.028201316,520.0,796.0,ZTF,,
B2-1811+31,59123.266,0.0,0.0,0.0,2.8681722,0.031733207,0.031733207,520.0,796.0,ZTF,,
B2-1811+31,59125.117,0.0,0.0,0.0,2.5925767,0.028880669,0.028880669,520.0,796.0,ZTF,,
B2-1811+31,59127.117,0.0,0.0,0.0,2.5998788,0.028956125,0.028956125,520.0,796.0,ZTF,,
B2-1811+31,59129.125,0.0,0.0,0.0,2.5133622,0.028062562,0.028062562,520.0,796.0,ZTF,,
B2-1811+31,59135.17,0.0,0.0,0.0,2.7316895,0.030319365,0.030319365,520.0,796.0,ZTF,,
B2-1811+31,59137.12,0.0,0.0,0.0,2.6337976,0.02930672,0.02930672,520.0,796.0,ZTF,,
B2-1811+31,59139.137,0.0,0.0,0.0,2.5630713,0.028575849,0.028575849,520.0,796.0,ZTF,,
B2-1811+31,59141.13,0.0,0.0,0.0,2.56781,0.028624795,0.028624795,520.0,796.0,ZTF,,
B2-1811+31,59145.117,0.0,0.0,0.0,2.3904686,0.026795046,0.026795046,520.0,796.0,ZTF,,
B2-1811+31,59150.117,0.0,0.0,0.0,2.4807239,0.02772573,0.02772573,520.0,796.0,ZTF,,
B2-1811+31,59152.2,0.0,0.0,0.0,2.5415115,0.028353186,0.028353186,520.0,796.0,ZTF,,
B2-1811+31,59157.09,0.0,0.0,0.0,2.3510993,0.026389439,0.026389439,520.0,796.0,ZTF,,
B2-1811+31,59164.117,0.0,0.0,0.0,2.1843648,0.024674185,0.024674185,520.0,796.0,ZTF,,
B2-1811+31,59169.156,0.0,0.0,0.0,2.3695426,0.026579427,0.026579427,520.0,796.0,ZTF,,
B2-1811+31,59171.08,0.0,0.0,0.0,2.2428203,0.02527506,0.02527506,520.0,796.0,ZTF,,
B2-1811+31,59175.133,0.0,0.0,0.0,2.2815323,0.025673272,0.025673272,520.0,796.0,ZTF,,
B2-1811+31,59177.08,0.0,0.0,0.0,2.378898,0.026675817,0.026675817,520.0,796.0,ZTF,,
B2-1811+31,59248.543,0.0,0.0,0.0,1.9665891,0.022440424,0.022440424,520.0,796.0,ZTF,,
B2-1811+31,59250.543,0.0,0.0,0.0,1.8409758,0.021155661,0.021155661,520.0,796.0,ZTF,,
B2-1811+31,59263.496,0.0,0.0,0.0,1.6912686,0.019628292,0.019628292,520.0,796.0,ZTF,,
B2-1811+31,59266.53,0.0,0.0,0.0,1.880904,0.021563739,0.021563739,520.0,796.0,ZTF,,
B2-1811+31,59268.45,0.0,0.0,0.0,1.738352,0.02010819,0.02010819,520.0,796.0,ZTF,,
B2-1811+31,59270.516,0.0,0.0,0.0,1.7678878,0.020409454,0.020409454,520.0,796.0,ZTF,,
B2-1811+31,59272.496,0.0,0.0,0.0,1.7351302,0.020075334,0.020075334,520.0,796.0,ZTF,,
B2-1811+31,59275.527,0.0,0.0,0.0,1.7111784,0.019831168,0.019831168,520.0,796.0,ZTF,,
B2-1811+31,59280.453,0.0,0.0,0.0,1.692343,0.019639235,0.019639235,520.0,796.0,ZTF,,
B2-1811+31,59291.387,0.0,0.0,0.0,1.5674074,0.018367996,0.018367996,520.0,796.0,ZTF,,
B2-1811+31,59295.504,0.0,0.0,0.0,1.6298863,0.019003324,0.019003324,520.0,796.0,ZTF,,
B2-1811+31,59298.406,0.0,0.0,0.0,1.4512271,0.017188866,0.017188866,520.0,796.0,ZTF,,
B2-1811+31,59302.445,0.0,0.0,0.0,1.3020706,0.015679717,0.015679717,520.0,796.0,ZTF,,
B2-1811+31,59304.47,0.0,0.0,0.0,1.3907704,0.016576517,0.016576517,520.0,796.0,ZTF,,
B2-1811+31,59307.47,0.0,0.0,0.0,1.4445198,0.017120888,0.017120888,520.0,796.0,ZTF,,
B2-1811+31,59309.484,0.0,0.0,0.0,1.4537966,0.017214913,0.017214913,520.0,796.0,ZTF,,
B2-1811+31,59311.492,0.0,0.0,0.0,1.3760262,0.01642731,0.01642731,520.0,796.0,ZTF,,
B2-1811+31,59314.465,0.0,0.0,0.0,1.3805565,0.016473148,0.016473148,520.0,796.0,ZTF,,
B2-1811+31,59316.49,0.0,0.0,0.0,1.3353565,0.016016023,0.016016023,520.0,796.0,ZTF,,
B2-1811+31,59319.47,0.0,0.0,0.0,1.3727813,0.016394477,0.016394477,520.0,796.0,ZTF,,
B2-1811+31,59322.47,0.0,0.0,0.0,1.3000159,0.015658965,0.015658965,520.0,796.0,ZTF,,
B2-1811+31,59324.28,0.0,0.0,0.0,1.2890207,0.015547943,0.015547943,520.0,796.0,ZTF,,
