ecsv/2025f_B21811+31/magic_2025f_fig5_sed_Swift_XRT.ecsv
# %ECSV 0.9
# ---
# delimiter: ','
# datatype:
# - {name: srcname   , unit: latex, datatype: string  , description: Source name                       }
# - {name: en        , unit: Hz   , datatype: float32 , description: Energy                            }
# - {name: en_wlo    , unit: Hz   , datatype: float32 , description: Energy bin width low              }
# - {name: en_wup    , unit: Hz   , datatype: float32 , description: Energy bin width up               }
# - {name: nufnu     , unit: erg cm-2 s-1   , datatype: float32 , description: Differential photon flux at energy}
# - {name: nufnu_elo , unit: erg cm-2 s-1   , datatype: float32 , description: Lower uncertainty in nufnu        }
# - {name: nufnu_eup , unit: erg cm-2 s-1   , datatype: float32 , description: Upper uncertainty in nufnu        }
# - {name: tstart    , unit: mjd  , datatype: float32 , description: MJD start                         }
# - {name: tstop     , unit: mjd  , datatype: float32 , description: MJD stop                          }
# - {name: texpo     , unit: d    , datatype: float32 , description: Observation time                  }
# - {name: instrument, unit: latex, datatype: string  , description: Instrument                        }
# - {name: dataformat, unit: latex, datatype: string  , description: Data Format                       }
# - {name: comments  , unit: latex, datatype: string  , description: Comments                          }
# meta: !!omap
# - {Filename:  "magic_2025f_fig5_sed_Swift_XRT.ecsv"}
# - {Source:    "B2-1811+31"}
# - {Figure:    "Fig. 5 Long-term optical-to-X-ray spectral energy distribution evolution"}
# - {Title:     "Very-high-energy gamma-ray detection and long-term multi-wavelength view of the flaring blazar B2 1811+31"}
# - {Comments:  "Only Swift-XRT data"}
# - {Reference: "magic_2025f.yaml"}
# - {Status:    "checked"}

[from data line 122]
B2-1811+31,8.342063e+16,1.0880949e+16,1.0880949e+16,1.9535107e-12,1.9535107e-12,1.9535107e-12,59157.83,59157.83,0.0,Swift-XRT,,
B2-1811+31,1.0397354e+17,9671958000000000.0,9671958000000000.0,1.554289e-12,1.554289e-12,1.554289e-12,59157.83,59157.83,0.0,Swift-XRT,,
B2-1811+31,1.2210846e+17,8462965000000000.0,8462965000000000.0,1.7501842e-12,1.7501842e-12,1.7501842e-12,59157.83,59157.83,0.0,Swift-XRT,,
B2-1811+31,1.3903439e+17,8462961400000000.0,8462961400000000.0,2.0243562e-12,2.0243562e-12,2.0243562e-12,59157.83,59157.83,0.0,Swift-XRT,,
B2-1811+31,1.5475131e+17,7253968000000000.0,7253968000000000.0,2.3614164e-12,2.3614164e-12,2.3614164e-12,59157.83,59157.83,0.0,Swift-XRT,,
B2-1811+31,1.7046825e+17,8462961400000000.0,8462961400000000.0,1.9351027e-12,1.9351027e-12,1.9351027e-12,59157.83,59157.83,0.0,Swift-XRT,,
B2-1811+31,1.9102114e+17,1.2089942e+16,1.2089942e+16,1.2244099e-12,1.2244099e-12,1.2244099e-12,59157.83,59157.83,0.0,Swift-XRT,,
B2-1811+31,2.1520104e+17,1.208995e+16,1.208995e+16,1.252937e-12,1.252937e-12,1.252937e-12,59157.83,59157.83,0.0,Swift-XRT,,
B2-1811+31,2.3575395e+17,8462961400000000.0,8462961400000000.0,1.7082811e-12,1.7082811e-12,1.7082811e-12,59157.83,59157.83,0.0,Swift-XRT,,
B2-1811+31,2.5509786e+17,1.0880956e+16,1.0880956e+16,1.3170063e-12,1.3170063e-12,1.3170063e-12,59157.83,59157.83,0.0,Swift-XRT,,
B2-1811+31,2.8169576e+17,1.5716929e+16,1.5716929e+16,9.945723e-13,9.945723e-13,9.945723e-13,59157.83,59157.83,0.0,Swift-XRT,,
B2-1811+31,3.155476e+17,1.8134917e+16,1.8134917e+16,9.954473e-13,9.954473e-13,9.954473e-13,59157.83,59157.83,0.0,Swift-XRT,,
B2-1811+31,3.5423543e+17,2.0552902e+16,2.0552902e+16,1.0258197e-12,1.0258197e-12,1.0258197e-12,59157.83,59157.83,0.0,Swift-XRT,,
B2-1811+31,3.9655024e+17,2.1761912e+16,2.1761912e+16,1.3022121e-12,1.3022121e-12,1.3022121e-12,59157.83,59157.83,0.0,Swift-XRT,,
B2-1811+31,4.4007403e+17,2.1761897e+16,2.1761897e+16,1.7593059e-12,1.7593059e-12,1.7593059e-12,59157.83,59157.83,0.0,Swift-XRT,,
B2-1811+31,5.1624067e+17,5.440475e+16,5.440475e+16,1.0417205e-12,1.0417205e-12,1.0417205e-12,59157.83,59157.83,0.0,Swift-XRT,,
B2-1811+31,6.383492e+17,6.770372e+16,6.770372e+16,1.442634e-12,1.442634e-12,1.442634e-12,59157.83,59157.83,0.0,Swift-XRT,,
B2-1811+31,8.99492e+17,1.9343913e+17,1.9343913e+17,8.4041525e-13,8.4041525e-13,8.4041525e-13,59157.83,59157.83,0.0,Swift-XRT,,
B2-1811+31,1.6805025e+18,5.875714e+17,5.875714e+17,9.652222e-13,9.652222e-13,9.652222e-13,59157.83,59157.83,0.0,Swift-XRT,,
B2-1811+31,8.342063e+16,1.0880949e+16,1.0880949e+16,1.5400806e-12,1.5400806e-12,1.5400806e-12,59136.85,59136.85,0.0,Swift-XRT,,
B2-1811+31,1.0276454e+17,8462965000000000.0,8462965000000000.0,1.4349357e-12,1.4349357e-12,1.4349357e-12,59136.85,59136.85,0.0,Swift-XRT,,
B2-1811+31,1.18481475e+17,7253964600000000.0,7253964600000000.0,1.5355455e-12,1.5355455e-12,1.5355455e-12,59136.85,59136.85,0.0,Swift-XRT,,
B2-1811+31,1.3178041e+17,6044975000000000.0,6044975000000000.0,2.1075418e-12,2.1075418e-12,2.1075418e-12,59136.85,59136.85,0.0,Swift-XRT,,
B2-1811+31,1.4507936e+17,7253968000000000.0,7253968000000000.0,1.9791783e-12,1.9791783e-12,1.9791783e-12,59136.85,59136.85,0.0,Swift-XRT,,
B2-1811+31,1.6200527e+17,9671955000000000.0,9671955000000000.0,1.3895355e-12,1.3895355e-12,1.3895355e-12,59136.85,59136.85,0.0,Swift-XRT,,
B2-1811+31,1.8014019e+17,8462961400000000.0,8462961400000000.0,1.43551e-12,1.43551e-12,1.43551e-12,59136.85,59136.85,0.0,Swift-XRT,,
B2-1811+31,1.9827512e+17,9671962000000000.0,9671962000000000.0,1.196626e-12,1.196626e-12,1.196626e-12,59136.85,59136.85,0.0,Swift-XRT,,
B2-1811+31,2.1520105e+17,7253968000000000.0,7253968000000000.0,1.5818526e-12,1.5818526e-12,1.5818526e-12,59136.85,59136.85,0.0,Swift-XRT,,
B2-1811+31,2.3212697e+17,9671955000000000.0,9671955000000000.0,1.2336746e-12,1.2336746e-12,1.2336746e-12,59136.85,59136.85,0.0,Swift-XRT,,
B2-1811+31,2.4905289e+17,7253961000000000.0,7253961000000000.0,1.6247077e-12,1.6247077e-12,1.6247077e-12,59136.85,59136.85,0.0,Swift-XRT,,
B2-1811+31,2.659788e+17,9671962000000000.0,9671962000000000.0,1.1979894e-12,1.1979894e-12,1.1979894e-12,59136.85,59136.85,0.0,Swift-XRT,,
B2-1811+31,2.8290474e+17,7253975400000000.0,7253975400000000.0,1.6770635e-12,1.6770635e-12,1.6770635e-12,59136.85,59136.85,0.0,Swift-XRT,,
B2-1811+31,2.986217e+17,8462954400000000.0,8462954400000000.0,1.53649e-12,1.53649e-12,1.53649e-12,59136.85,59136.85,0.0,Swift-XRT,,
B2-1811+31,3.2038357e+17,1.3298942e+16,1.3298942e+16,1.0496633e-12,1.0496633e-12,1.0496633e-12,59136.85,59136.85,0.0,Swift-XRT,,
B2-1811+31,3.4577246e+17,1.208995e+16,1.208995e+16,1.407686e-12,1.407686e-12,1.407686e-12,59136.85,59136.85,0.0,Swift-XRT,,
B2-1811+31,3.6874335e+17,1.0880956e+16,1.0880956e+16,1.6777477e-12,1.6777477e-12,1.6777477e-12,59136.85,59136.85,0.0,Swift-XRT,,
B2-1811+31,3.9655024e+17,1.6925923e+16,1.6925923e+16,1.2967671e-12,1.2967671e-12,1.2967671e-12,59136.85,59136.85,0.0,Swift-XRT,,
B2-1811+31,4.304021e+17,1.6925923e+16,1.6925923e+16,1.6547408e-12,1.6547408e-12,1.6547408e-12,59136.85,59136.85,0.0,Swift-XRT,,
B2-1811+31,4.715079e+17,2.4179884e+16,2.4179884e+16,1.4918623e-12,1.4918623e-12,1.4918623e-12,59136.85,59136.85,0.0,Swift-XRT,,
B2-1811+31,5.5009254e+17,5.4404763e+16,5.4404763e+16,9.896773e-13,9.896773e-13,9.896773e-13,59136.85,59136.85,0.0,Swift-XRT,,
B2-1811+31,6.75828e+17,7.133067e+16,7.133067e+16,1.1672534e-12,1.1672534e-12,1.1672534e-12,59136.85,59136.85,0.0,Swift-XRT,,
B2-1811+31,9.1037295e+17,1.6321429e+17,1.6321429e+17,8.1305476e-13,8.1305476e-13,8.1305476e-13,59136.85,59136.85,0.0,Swift-XRT,,
B2-1811+31,1.4737645e+18,4.0017722e+17,4.0017722e+17,8.6095866e-13,8.6095866e-13,8.6095866e-13,59136.85,59136.85,0.0,Swift-XRT,,
B2-1811+31,5.1019573e+17,4.3765607e+17,4.3765607e+17,2.756814e-14,2.756814e-14,2.756814e-14,60080.043,60080.043,0.0,Swift-XRT,,
B2-1811+31,3.1192063e+17,2.3938093e+17,2.3938093e+17,3.7539006e-14,3.7539006e-14,3.7539006e-14,55694.867,55694.867,0.0,Swift-XRT,,
B2-1811+31,9.466428e+17,8.7410315e+17,8.7410315e+17,4.771412e-14,4.771412e-14,4.771412e-14,53887.18,53887.18,0.0,Swift-XRT,,
B2-1811+31,7.979365e+16,7253968000000000.0,7253968000000000.0,4.5249603e-12,4.5249603e-12,4.5249603e-12,59156.832,59156.832,0.0,Swift-XRT,,
B2-1811+31,9.309258e+16,6044971000000000.0,6044971000000000.0,4.9782886e-12,4.9782886e-12,4.9782886e-12,59156.832,59156.832,0.0,Swift-XRT,,
B2-1811+31,1.0397354e+17,4835977500000000.0,4835977500000000.0,5.106803e-12,5.106803e-12,5.106803e-12,59156.832,59156.832,0.0,Swift-XRT,,
B2-1811+31,1.1485449e+17,6044975000000000.0,6044975000000000.0,3.75126e-12,3.75126e-12,3.75126e-12,59156.832,59156.832,0.0,Swift-XRT,,
B2-1811+31,1.2573544e+17,4835981000000000.0,4835981000000000.0,4.5656673e-12,4.5656673e-12,4.5656673e-12,59156.832,59156.832,0.0,Swift-XRT,,
B2-1811+31,1.3661639e+17,6044967300000000.0,6044967300000000.0,4.076e-12,4.076e-12,4.076e-12,59156.832,59156.832,0.0,Swift-XRT,,
B2-1811+31,1.4870634e+17,6044975000000000.0,6044975000000000.0,4.4859524e-12,4.4859524e-12,4.4859524e-12,59156.832,59156.832,0.0,Swift-XRT,,
B2-1811+31,1.6079627e+17,6044975000000000.0,6044975000000000.0,4.146324e-12,4.146324e-12,4.146324e-12,59156.832,59156.832,0.0,Swift-XRT,,
B2-1811+31,1.7409523e+17,7253968000000000.0,7253968000000000.0,3.361869e-12,3.361869e-12,3.361869e-12,59156.832,59156.832,0.0,Swift-XRT,,
B2-1811+31,1.8618517e+17,4835981000000000.0,4835981000000000.0,4.853071e-12,4.853071e-12,4.853071e-12,59156.832,59156.832,0.0,Swift-XRT,,
B2-1811+31,1.9827512e+17,7253968000000000.0,7253968000000000.0,3.0364812e-12,3.0364812e-12,3.0364812e-12,59156.832,59156.832,0.0,Swift-XRT,,
B2-1811+31,2.1157406e+17,6044967300000000.0,6044967300000000.0,3.6448114e-12,3.6448114e-12,3.6448114e-12,59156.832,59156.832,0.0,Swift-XRT,,
B2-1811+31,2.24873e+17,7253968000000000.0,7253968000000000.0,3.1172359e-12,3.1172359e-12,3.1172359e-12,59156.832,59156.832,0.0,Swift-XRT,,
B2-1811+31,2.3938093e+17,7253968000000000.0,7253968000000000.0,3.0213577e-12,3.0213577e-12,3.0213577e-12,59156.832,59156.832,0.0,Swift-XRT,,
B2-1811+31,2.5388887e+17,7253975400000000.0,7253975400000000.0,3.313877e-12,3.313877e-12,3.313877e-12,59156.832,59156.832,0.0,Swift-XRT,,
B2-1811+31,2.683968e+17,7253961000000000.0,7253961000000000.0,3.0004465e-12,3.0004465e-12,3.0004465e-12,59156.832,59156.832,0.0,Swift-XRT,,
B2-1811+31,2.8290474e+17,7253975400000000.0,7253975400000000.0,3.4065647e-12,3.4065647e-12,3.4065647e-12,59156.832,59156.832,0.0,Swift-XRT,,
B2-1811+31,2.9741267e+17,7253961000000000.0,7253961000000000.0,3.6013221e-12,3.6013221e-12,3.6013221e-12,59156.832,59156.832,0.0,Swift-XRT,,
B2-1811+31,3.131296e+17,8462969000000000.0,8462969000000000.0,3.2238509e-12,3.2238509e-12,3.2238509e-12,59156.832,59156.832,0.0,Swift-XRT,,
B2-1811+31,3.3126454e+17,9671947000000000.0,9671947000000000.0,2.8389682e-12,2.8389682e-12,2.8389682e-12,59156.832,59156.832,0.0,Swift-XRT,,
B2-1811+31,3.4819046e+17,7253975400000000.0,7253975400000000.0,4.1615873e-12,4.1615873e-12,4.1615873e-12,59156.832,59156.832,0.0,Swift-XRT,,
B2-1811+31,3.6269837e+17,7253961000000000.0,7253961000000000.0,4.52183e-12,4.52183e-12,4.52183e-12,59156.832,59156.832,0.0,Swift-XRT,,
B2-1811+31,3.7962433e+17,9671962000000000.0,9671962000000000.0,3.8606336e-12,3.8606336e-12,3.8606336e-12,59156.832,59156.832,0.0,Swift-XRT,,
B2-1811+31,4.0259522e+17,1.3298942e+16,1.3298942e+16,3.3894367e-12,3.3894367e-12,3.3894367e-12,59156.832,59156.832,0.0,Swift-XRT,,
B2-1811+31,4.291931e+17,1.3298942e+16,1.3298942e+16,3.943919e-12,3.943919e-12,3.943919e-12,59156.832,59156.832,0.0,Swift-XRT,,
B2-1811+31,4.55791e+17,1.3298942e+16,1.3298942e+16,4.8251676e-12,4.8251676e-12,4.8251676e-12,59156.832,59156.832,0.0,Swift-XRT,,
B2-1811+31,4.908518e+17,2.1761882e+16,2.1761882e+16,3.454821e-12,3.454821e-12,3.454821e-12,59156.832,59156.832,0.0,Swift-XRT,,
B2-1811+31,5.440476e+17,3.1433889e+16,3.1433889e+16,3.2409164e-12,3.2409164e-12,3.2409164e-12,59156.832,59156.832,0.0,Swift-XRT,,
B2-1811+31,6.2021424e+17,4.473279e+16,4.473279e+16,3.1247125e-12,3.1247125e-12,3.1247125e-12,59156.832,59156.832,0.0,Swift-XRT,,
B2-1811+31,7.205608e+17,5.5613758e+16,5.5613758e+16,3.1023398e-12,3.1023398e-12,3.1023398e-12,59156.832,59156.832,0.0,Swift-XRT,,
B2-1811+31,8.487142e+17,7.253967e+16,7.253967e+16,3.04797e-12,3.04797e-12,3.04797e-12,59156.832,59156.832,0.0,Swift-XRT,,
B2-1811+31,1.138873e+18,2.1761905e+17,2.1761905e+17,1.9517157e-12,1.9517157e-12,1.9517157e-12,59156.832,59156.832,0.0,Swift-XRT,,
B2-1811+31,1.6635766e+18,3.0708456e+17,3.0708456e+17,4.1188958e-12,4.1188958e-12,4.1188958e-12,59156.832,59156.832,0.0,Swift-XRT,,
B2-1811+31,5.2470365e+17,4.52164e+17,4.52164e+17,1.9021148e-13,1.9021148e-13,1.9021148e-13,60272.973,60272.973,0.0,Swift-XRT,,
B2-1811+31,3.614894e+17,2.8894973e+17,2.8894973e+17,1.6225725e-13,1.6225725e-13,1.6225725e-13,60287.617,60287.617,0.0,Swift-XRT,,
B2-1811+31,1.8860316e+17,1.1606348e+17,1.1606348e+17,1.5870283e-13,1.5870283e-13,1.5870283e-13,60312.68,60312.68,0.0,Swift-XRT,,
B2-1811+31,8.3662424e+17,5.319576e+17,5.319576e+17,1.3215759e-13,1.3215759e-13,1.3215759e-13,60312.68,60312.68,0.0,Swift-XRT,,
B2-1811+31,5.5251054e+17,4.7997088e+17,4.7997088e+17,6.395837e-14,6.395837e-14,6.395837e-14,53357.12,53357.12,0.0,Swift-XRT,,
B2-1811+31,1.136455e+17,4.1105813e+16,4.1105813e+16,5.712067e-13,5.712067e-13,5.712067e-13,53617.055,53617.055,0.0,Swift-XRT,,
B2-1811+31,1.994841e+17,4.47328e+16,4.47328e+16,5.1121943e-13,5.1121943e-13,5.1121943e-13,53617.055,53617.055,0.0,Swift-XRT,,
B2-1811+31,5.392116e+17,2.949947e+17,2.949947e+17,1.9619876e-13,1.9619876e-13,1.9619876e-13,53617.055,53617.055,0.0,Swift-XRT,,
B2-1811+31,9.07955e+17,7.374866e+16,7.374866e+16,5.665419e-13,5.665419e-13,5.665419e-13,53617.055,53617.055,0.0,Swift-XRT,,
B2-1811+31,1.5233332e+17,7.979364e+16,7.979364e+16,1.4652481e-13,1.4652481e-13,1.4652481e-13,60221.28,60221.28,0.0,Swift-XRT,,
B2-1811+31,8.5475924e+17,6.226323e+17,6.226323e+17,8.1503706e-14,8.1503706e-14,8.1503706e-14,60221.28,60221.28,0.0,Swift-XRT,,
B2-1811+31,1.5596031e+17,8.342063e+16,8.342063e+16,2.8053802e-13,2.8053802e-13,2.8053802e-13,60181.84,60181.84,0.0,Swift-XRT,,
B2-1811+31,5.7548143e+17,3.361005e+17,3.361005e+17,1.4877098e-13,1.4877098e-13,1.4877098e-13,60181.84,60181.84,0.0,Swift-XRT,,
B2-1811+31,4.1468517e+17,3.4214548e+17,3.4214548e+17,1.9329963e-13,1.9329963e-13,1.9329963e-13,54346.594,54346.594,0.0,Swift-XRT,,
B2-1811+31,5.5855555e+17,4.8601585e+17,4.8601585e+17,2.950167e-13,2.950167e-13,2.950167e-13,53707.004,53707.004,0.0,Swift-XRT,,
B2-1811+31,7.979365e+16,7253968000000000.0,7253968000000000.0,2.1339918e-12,2.1339918e-12,2.1339918e-12,59125.445,59125.445,0.0,Swift-XRT,,
B2-1811+31,9.309258e+16,6044971000000000.0,6044971000000000.0,2.0136891e-12,2.0136891e-12,2.0136891e-12,59125.445,59125.445,0.0,Swift-XRT,,
B2-1811+31,1.0518253e+17,6044975000000000.0,6044975000000000.0,1.6977186e-12,1.6977186e-12,1.6977186e-12,59125.445,59125.445,0.0,Swift-XRT,,
B2-1811+31,1.18481475e+17,7253964600000000.0,7253964600000000.0,1.425534e-12,1.425534e-12,1.425534e-12,59125.445,59125.445,0.0,Swift-XRT,,
B2-1811+31,1.329894e+17,7253968000000000.0,7253968000000000.0,1.5304275e-12,1.5304275e-12,1.5304275e-12,59125.445,59125.445,0.0,Swift-XRT,,
B2-1811+31,1.4749734e+17,7253968000000000.0,7253968000000000.0,1.6614014e-12,1.6614014e-12,1.6614014e-12,59125.445,59125.445,0.0,Swift-XRT,,
B2-1811+31,1.6200527e+17,7253968000000000.0,7253968000000000.0,1.506701e-12,1.506701e-12,1.506701e-12,59125.445,59125.445,0.0,Swift-XRT,,
B2-1811+31,1.777222e+17,8462961400000000.0,8462961400000000.0,1.2007772e-12,1.2007772e-12,1.2007772e-12,59125.445,59125.445,0.0,Swift-XRT,,
B2-1811+31,1.9223014e+17,6044975000000000.0,6044975000000000.0,1.7902744e-12,1.7902744e-12,1.7902744e-12,59125.445,59125.445,0.0,Swift-XRT,,
B2-1811+31,2.0915608e+17,1.0880956e+16,1.0880956e+16,9.141465e-13,9.141465e-13,9.141465e-13,59125.445,59125.445,0.0,Swift-XRT,,
B2-1811+31,2.2849999e+17,8462961400000000.0,8462961400000000.0,1.2101731e-12,1.2101731e-12,1.2101731e-12,59125.445,59125.445,0.0,Swift-XRT,,
B2-1811+31,2.454259e+17,8462954400000000.0,8462954400000000.0,1.1836698e-12,1.1836698e-12,1.1836698e-12,59125.445,59125.445,0.0,Swift-XRT,,
B2-1811+31,2.6114284e+17,7253975400000000.0,7253975400000000.0,1.4134598e-12,1.4134598e-12,1.4134598e-12,59125.445,59125.445,0.0,Swift-XRT,,
B2-1811+31,2.7927776e+17,1.0880956e+16,1.0880956e+16,9.677585e-13,9.677585e-13,9.677585e-13,59125.445,59125.445,0.0,Swift-XRT,,
B2-1811+31,3.0103965e+17,1.0880941e+16,1.0880941e+16,1.0008356e-12,1.0008356e-12,1.0008356e-12,59125.445,59125.445,0.0,Swift-XRT,,
B2-1811+31,3.2280156e+17,1.0880956e+16,1.0880956e+16,1.1136103e-12,1.1136103e-12,1.1136103e-12,59125.445,59125.445,0.0,Swift-XRT,,
B2-1811+31,3.4698144e+17,1.3298942e+16,1.3298942e+16,1.007851e-12,1.007851e-12,1.007851e-12,59125.445,59125.445,0.0,Swift-XRT,,
B2-1811+31,3.7720633e+17,1.6925923e+16,1.6925923e+16,9.494793e-13,9.494793e-13,9.494793e-13,59125.445,59125.445,0.0,Swift-XRT,,
B2-1811+31,4.1831215e+17,2.41799e+16,2.41799e+16,8.835999e-13,8.835999e-13,8.835999e-13,59125.445,59125.445,0.0,Swift-XRT,,
B2-1811+31,4.908518e+17,4.835978e+16,4.835978e+16,6.766347e-13,6.766347e-13,6.766347e-13,59125.445,59125.445,0.0,Swift-XRT,,
B2-1811+31,6.214232e+17,8.221164e+16,8.221164e+16,7.607507e-13,7.607507e-13,7.607507e-13,59125.445,59125.445,0.0,Swift-XRT,,
B2-1811+31,9.538968e+17,2.5026189e+17,2.5026189e+17,4.830851e-13,4.830851e-13,4.830851e-13,59125.445,59125.445,0.0,Swift-XRT,,
B2-1811+31,1.6563227e+18,4.5216402e+17,4.5216402e+17,8.284689e-13,8.284689e-13,8.284689e-13,59125.445,59125.445,0.0,Swift-XRT,,
B2-1811+31,3.5665343e+17,2.8411375e+17,2.8411375e+17,1.2943908e-12,1.2943908e-12,1.2943908e-12,53675.004,53675.004,0.0,Swift-XRT,,
B2-1811+31,7.120978e+17,7.133067e+16,7.133067e+16,7.1735313e-12,7.1735313e-12,7.1735313e-12,53675.004,53675.004,0.0,Swift-XRT,,
B2-1811+31,4.52164e+17,3.7962433e+17,3.7962433e+17,7.8991074e-14,7.8991074e-14,7.8991074e-14,57039.504,57039.504,0.0,Swift-XRT,,
