ecsv/2025f_B21811+31/magic_2025f_fig5_sed_Swift_XRT.ecsv
# %ECSV 0.9
# ---
# delimiter: ','
# datatype:
# - {name: srcname   , unit: latex, datatype: string  , description: Source name                       }
# - {name: en        , unit: Hz   , datatype: float32 , description: Energy                            }
# - {name: en_wlo    , unit: Hz   , datatype: float32 , description: Energy bin width low              }
# - {name: en_wup    , unit: Hz   , datatype: float32 , description: Energy bin width up               }
# - {name: nufnu     , unit: erg cm-2 s-1   , datatype: float32 , description: Differential photon flux at energy}
# - {name: nufnu_elo , unit: erg cm-2 s-1   , datatype: float32 , description: Lower uncertainty in nufnu        }
# - {name: nufnu_eup , unit: erg cm-2 s-1   , datatype: float32 , description: Upper uncertainty in nufnu        }
# - {name: tstart    , unit: mjd  , datatype: float32 , description: MJD start                         }
# - {name: tstop     , unit: mjd  , datatype: float32 , description: MJD stop                          }
# - {name: texpo     , unit: d    , datatype: float32 , description: Observation time                  }
# - {name: instrument, unit: latex, datatype: string  , description: Instrument                        }
# - {name: dataformat, unit: latex, datatype: string  , description: Data Format                       }
# - {name: comments  , unit: latex, datatype: string  , description: Comments                          }
# meta: !!omap
# - {Filename:  "magic_2025f_fig5_sed_Swift_XRT.ecsv"}
# - {Source:    "B2-1811+31"}
# - {Figure:    "Fig. 5 Long-term optical-to-X-ray spectral energy distribution evolution"}
# - {Title:     "Very-high-energy gamma-ray detection and long-term multi-wavelength view of the flaring blazar B2 1811+31"}
# - {Comments:  "Only Swift-XRT data"}
# - {Reference: "magic_2025f.yaml"}
# - {Status:    "checked"}

[from data line 243]
B2-1811+31,5.4283858e+17,1.7288625e+17,1.7288625e+17,2.4844701e-13,2.4844701e-13,2.4844701e-13,60206.83,60206.83,0.0,Swift-XRT,,
B2-1811+31,8.1002645e+16,8462961400000000.0,8462961400000000.0,1.2910425e-13,1.2910425e-13,1.2910425e-13,55218.203,55218.203,0.0,Swift-XRT,,
B2-1811+31,9.671957e+16,7253968000000000.0,7253968000000000.0,1.1298718e-13,1.1298718e-13,1.1298718e-13,55218.203,55218.203,0.0,Swift-XRT,,
B2-1811+31,1.1122751e+17,7253968000000000.0,7253968000000000.0,9.367259e-14,9.367259e-14,9.367259e-14,55218.203,55218.203,0.0,Swift-XRT,,
B2-1811+31,1.2694443e+17,8462961400000000.0,8462961400000000.0,8.3222607e-14,8.3222607e-14,8.3222607e-14,55218.203,55218.203,0.0,Swift-XRT,,
B2-1811+31,1.4507936e+17,9671955000000000.0,9671955000000000.0,8.664878e-14,8.664878e-14,8.664878e-14,55218.203,55218.203,0.0,Swift-XRT,,
B2-1811+31,1.6321427e+17,8462961400000000.0,8462961400000000.0,8.638976e-14,8.638976e-14,8.638976e-14,55218.203,55218.203,0.0,Swift-XRT,,
B2-1811+31,1.8134919e+17,9671962000000000.0,9671962000000000.0,6.9590404e-14,6.9590404e-14,6.9590404e-14,55218.203,55218.203,0.0,Swift-XRT,,
B2-1811+31,2.019021e+17,1.0880949e+16,1.0880949e+16,5.954834e-14,5.954834e-14,5.954834e-14,55218.203,55218.203,0.0,Swift-XRT,,
B2-1811+31,2.2245501e+17,9671955000000000.0,9671955000000000.0,6.615207e-14,6.615207e-14,6.615207e-14,55218.203,55218.203,0.0,Swift-XRT,,
B2-1811+31,2.454259e+17,1.329895e+16,1.329895e+16,5.064943e-14,5.064943e-14,5.064943e-14,55218.203,55218.203,0.0,Swift-XRT,,
B2-1811+31,2.696058e+17,1.0880941e+16,1.0880941e+16,6.099453e-14,6.099453e-14,6.099453e-14,55218.203,55218.203,0.0,Swift-XRT,,
B2-1811+31,2.901587e+17,9671962000000000.0,9671962000000000.0,7.464117e-14,7.464117e-14,7.464117e-14,55218.203,55218.203,0.0,Swift-XRT,,
B2-1811+31,3.1796557e+17,1.8134917e+16,1.8134917e+16,4.385786e-14,4.385786e-14,4.385786e-14,55218.203,55218.203,0.0,Swift-XRT,,
B2-1811+31,3.602804e+17,2.41799e+16,2.41799e+16,3.9774387e-14,3.9774387e-14,3.9774387e-14,55218.203,55218.203,0.0,Swift-XRT,,
B2-1811+31,4.2193913e+17,3.7478825e+16,3.7478825e+16,3.8995757e-14,3.8995757e-14,3.8995757e-14,55218.203,55218.203,0.0,Swift-XRT,,
B2-1811+31,6.7461903e+17,2.1520105e+17,2.1520105e+17,1.9397085e-14,1.9397085e-14,1.9397085e-14,55218.203,55218.203,0.0,Swift-XRT,,
B2-1811+31,1.2126216e+18,3.2280153e+17,3.2280153e+17,2.8614355e-14,2.8614355e-14,2.8614355e-14,55218.203,55218.203,0.0,Swift-XRT,,
B2-1811+31,8.4629625e+16,1.2089945e+16,1.2089945e+16,6.025139e-14,6.025139e-14,6.025139e-14,53370.72,53370.72,0.0,Swift-XRT,,
B2-1811+31,1.0276454e+17,6044971000000000.0,6044971000000000.0,8.156029e-14,8.156029e-14,8.156029e-14,53370.72,53370.72,0.0,Swift-XRT,,
B2-1811+31,1.1606348e+17,7253968000000000.0,7253968000000000.0,6.188552e-14,6.188552e-14,6.188552e-14,53370.72,53370.72,0.0,Swift-XRT,,
B2-1811+31,1.3178041e+17,8462961400000000.0,8462961400000000.0,6.1552495e-14,6.1552495e-14,6.1552495e-14,53370.72,53370.72,0.0,Swift-XRT,,
B2-1811+31,1.5112433e+17,1.0880956e+16,1.0880956e+16,5.0719e-14,5.0719e-14,5.0719e-14,53370.72,53370.72,0.0,Swift-XRT,,
B2-1811+31,1.7409523e+17,1.2089942e+16,1.2089942e+16,4.062181e-14,4.062181e-14,4.062181e-14,53370.72,53370.72,0.0,Swift-XRT,,
B2-1811+31,2.006931e+17,1.4507936e+16,1.4507936e+16,3.1799118e-14,3.1799118e-14,3.1799118e-14,53370.72,53370.72,0.0,Swift-XRT,,
B2-1811+31,2.3333595e+17,1.8134917e+16,1.8134917e+16,2.4467843e-14,2.4467843e-14,2.4467843e-14,53370.72,53370.72,0.0,Swift-XRT,,
B2-1811+31,2.8411372e+17,3.2642853e+16,3.2642853e+16,1.5021377e-14,1.5021377e-14,1.5021377e-14,53370.72,53370.72,0.0,Swift-XRT,,
B2-1811+31,3.6995233e+17,5.319577e+16,5.319577e+16,1.321809e-14,1.321809e-14,1.321809e-14,53370.72,53370.72,0.0,Swift-XRT,,
B2-1811+31,5.2107667e+17,9.792856e+16,9.792856e+16,1.7677042e-14,1.7677042e-14,1.7677042e-14,53370.72,53370.72,0.0,Swift-XRT,,
B2-1811+31,1.3879258e+18,7.689206e+17,7.689206e+17,1.0911849e-14,1.0911849e-14,1.0911849e-14,53370.72,53370.72,0.0,Swift-XRT,,
B2-1811+31,4.013862e+17,3.2884654e+17,3.2884654e+17,4.950376e-14,4.950376e-14,4.950376e-14,60063.047,60063.047,0.0,Swift-XRT,,
B2-1811+31,3.409365e+17,2.683968e+17,2.683968e+17,6.0993663e-13,6.0993663e-13,6.0993663e-13,53691.004,53691.004,0.0,Swift-XRT,,
B2-1811+31,8.438783e+17,2.3454497e+17,2.3454497e+17,3.264746e-12,3.264746e-12,3.264746e-12,53691.004,53691.004,0.0,Swift-XRT,,
B2-1811+31,1.5233332e+17,7.979364e+16,7.979364e+16,6.4595546e-14,6.4595546e-14,6.4595546e-14,53415.473,53415.473,0.0,Swift-XRT,,
B2-1811+31,1.0893042e+18,8.571772e+17,8.571772e+17,2.841877e-14,2.841877e-14,2.841877e-14,53415.473,53415.473,0.0,Swift-XRT,,
B2-1811+31,4.1952114e+17,3.4698147e+17,3.4698147e+17,9.750524e-14,9.750524e-14,9.750524e-14,60297.77,60297.77,0.0,Swift-XRT,,
B2-1811+31,3.9292326e+17,3.2038357e+17,3.2038357e+17,1.1819496e-13,1.1819496e-13,1.1819496e-13,60268.082,60268.082,0.0,Swift-XRT,,
B2-1811+31,2.9983067e+17,2.27291e+17,2.27291e+17,1.870436e-13,1.870436e-13,1.870436e-13,60256.797,60256.797,0.0,Swift-XRT,,
B2-1811+31,9.466428e+17,8.7410315e+17,8.7410315e+17,1.4181367e-13,1.4181367e-13,1.4181367e-13,54504.57,54504.57,0.0,Swift-XRT,,
B2-1811+31,1.16063485e+17,4.3523807e+16,4.3523807e+16,2.1429316e-13,2.1429316e-13,2.1429316e-13,60224.91,60224.91,0.0,Swift-XRT,,
B2-1811+31,2.720238e+17,1.124365e+17,1.124365e+17,8.751288e-14,8.751288e-14,8.751288e-14,60224.91,60224.91,0.0,Swift-XRT,,
B2-1811+31,8.87402e+17,5.0294177e+17,5.0294177e+17,8.828661e-14,8.828661e-14,8.828661e-14,60224.91,60224.91,0.0,Swift-XRT,,
B2-1811+31,5.924074e+17,5.198677e+17,5.198677e+17,9.14702e-14,9.14702e-14,9.14702e-14,54909.27,54909.27,0.0,Swift-XRT,,
B2-1811+31,9.913756e+16,2.6597878e+16,2.6597878e+16,6.317762e-13,6.317762e-13,6.317762e-13,53627.3,53627.3,0.0,Swift-XRT,,
B2-1811+31,1.4628834e+17,2.055291e+16,2.055291e+16,9.05373e-13,9.05373e-13,9.05373e-13,53627.3,53627.3,0.0,Swift-XRT,,
B2-1811+31,1.9464814e+17,2.7806879e+16,2.7806879e+16,5.8294683e-13,5.8294683e-13,5.8294683e-13,53627.3,53627.3,0.0,Swift-XRT,,
B2-1811+31,2.5872486e+17,3.626984e+16,3.626984e+16,4.4976403e-13,4.4976403e-13,4.4976403e-13,53627.3,53627.3,0.0,Swift-XRT,,
B2-1811+31,3.4214548e+17,4.7150787e+16,4.7150787e+16,4.4862063e-13,4.4862063e-13,4.4862063e-13,53627.3,53627.3,0.0,Swift-XRT,,
B2-1811+31,7.012169e+17,3.1192063e+17,3.1192063e+17,2.8370904e-13,2.8370904e-13,2.8370904e-13,53627.3,53627.3,0.0,Swift-XRT,,
B2-1811+31,1.1013941e+18,8.825661e+16,8.825661e+16,5.1835733e-13,5.1835733e-13,5.1835733e-13,53627.3,53627.3,0.0,Swift-XRT,,
B2-1811+31,1.1703068e+18,1.0977671e+18,1.0977671e+18,1.0135693e-14,1.0135693e-14,1.0135693e-14,56529.902,56529.902,0.0,Swift-XRT,,
B2-1811+31,1.3782539e+17,6.5285706e+16,6.5285706e+16,5.6675964e-14,5.6675964e-14,5.6675964e-14,55095.54,55095.54,0.0,Swift-XRT,,
B2-1811+31,8.547592e+17,6.516481e+17,6.516481e+17,2.3589254e-14,2.3589254e-14,2.3589254e-14,55095.54,55095.54,0.0,Swift-XRT,,
B2-1811+31,1.5112433e+17,7.858465e+16,7.858465e+16,1.8750981e-13,1.8750981e-13,1.8750981e-13,60304.31,60304.31,0.0,Swift-XRT,,
B2-1811+31,3.131296e+17,8.342063e+16,8.342063e+16,2.2370933e-13,2.2370933e-13,2.2370933e-13,60304.31,60304.31,0.0,Swift-XRT,,
B2-1811+31,6.78246e+17,2.8169576e+17,2.8169576e+17,1.6020942e-13,1.6020942e-13,1.6020942e-13,60304.31,60304.31,0.0,Swift-XRT,,
B2-1811+31,2.454259e+17,1.7288623e+17,1.7288623e+17,6.456333e-14,6.456333e-14,6.456333e-14,53460.938,53460.938,0.0,Swift-XRT,,
B2-1811+31,3.2038357e+17,2.4784389e+17,2.4784389e+17,5.903901e-14,5.903901e-14,5.903901e-14,58055.848,58055.848,0.0,Swift-XRT,,
B2-1811+31,3.5302642e+17,2.8048674e+17,2.8048674e+17,1.4421732e-13,1.4421732e-13,1.4421732e-13,54744.14,54744.14,0.0,Swift-XRT,,
B2-1811+31,5.5613755e+17,4.8359786e+17,4.8359786e+17,3.5688707e-14,3.5688707e-14,3.5688707e-14,60087.043,60087.043,0.0,Swift-XRT,,
B2-1811+31,1.6442327e+17,9.188358e+16,9.188358e+16,1.7553599e-13,1.7553599e-13,1.7553599e-13,59597.96,59597.96,0.0,Swift-XRT,,
B2-1811+31,5.0535973e+17,2.4905289e+17,2.4905289e+17,1.1788658e-13,1.1788658e-13,1.1788658e-13,59597.96,59597.96,0.0,Swift-XRT,,
B2-1811+31,7.157248e+17,6.431851e+17,6.431851e+17,1.1579053e-12,1.1579053e-12,1.1579053e-12,53676.004,53676.004,0.0,Swift-XRT,,
B2-1811+31,1.136455e+17,4.1105813e+16,4.1105813e+16,4.158409e-14,4.158409e-14,4.158409e-14,53384.844,53384.844,0.0,Swift-XRT,,
B2-1811+31,2.6114284e+17,1.0639153e+17,1.0639153e+17,1.7068232e-14,1.7068232e-14,1.7068232e-14,53384.844,53384.844,0.0,Swift-XRT,,
B2-1811+31,1.08567716e+18,7.181428e+17,7.181428e+17,1.3006476e-14,1.3006476e-14,1.3006476e-14,53384.844,53384.844,0.0,Swift-XRT,,
B2-1811+31,9.514788e+17,8.789391e+17,8.789391e+17,3.076048e-14,3.076048e-14,3.076048e-14,53781.797,53781.797,0.0,Swift-XRT,,
B2-1811+31,8.1002645e+16,8462961400000000.0,8462961400000000.0,9.411477e-14,9.411477e-14,9.411477e-14,53372.324,53372.324,0.0,Swift-XRT,,
B2-1811+31,9.792856e+16,8462961400000000.0,8462961400000000.0,6.122046e-14,6.122046e-14,6.122046e-14,53372.324,53372.324,0.0,Swift-XRT,,
B2-1811+31,1.124365e+17,6044975000000000.0,6044975000000000.0,6.860727e-14,6.860727e-14,6.860727e-14,53372.324,53372.324,0.0,Swift-XRT,,
B2-1811+31,1.3298941e+17,1.4507936e+16,1.4507936e+16,3.630932e-14,3.630932e-14,3.630932e-14,53372.324,53372.324,0.0,Swift-XRT,,
B2-1811+31,1.6079629e+17,1.3298942e+16,1.3298942e+16,3.8203924e-14,3.8203924e-14,3.8203924e-14,53372.324,53372.324,0.0,Swift-XRT,,
B2-1811+31,1.8739416e+17,1.3298936e+16,1.3298936e+16,3.6011812e-14,3.6011812e-14,3.6011812e-14,53372.324,53372.324,0.0,Swift-XRT,,
B2-1811+31,2.1761904e+17,1.692593e+16,1.692593e+16,2.6398222e-14,2.6398222e-14,2.6398222e-14,53372.324,53372.324,0.0,Swift-XRT,,
B2-1811+31,2.7323278e+17,3.868782e+16,3.868782e+16,1.2256451e-14,1.2256451e-14,1.2256451e-14,53372.324,53372.324,0.0,Swift-XRT,,
B2-1811+31,3.4214548e+17,3.0224866e+16,3.0224866e+16,1.9820005e-14,1.9820005e-14,1.9820005e-14,53372.324,53372.324,0.0,Swift-XRT,,
B2-1811+31,4.6062693e+17,8.825661e+16,8.825661e+16,1.3173777e-14,1.3173777e-14,1.3173777e-14,53372.324,53372.324,0.0,Swift-XRT,,
B2-1811+31,9.792856e+17,4.3040207e+17,4.3040207e+17,1.3650964e-14,1.3650964e-14,1.3650964e-14,53372.324,53372.324,0.0,Swift-XRT,,
B2-1811+31,1.6454417e+18,2.3575398e+17,2.3575398e+17,6.798588e-14,6.798588e-14,6.798588e-14,53372.324,53372.324,0.0,Swift-XRT,,
B2-1811+31,2.019021e+17,1.2936242e+17,1.2936242e+17,6.1557144e-14,6.1557144e-14,6.1557144e-14,53955.15,53955.15,0.0,Swift-XRT,,
B2-1811+31,8.704761e+16,1.4507932e+16,1.4507932e+16,1.1570833e-12,1.1570833e-12,1.1570833e-12,59138.855,59138.855,0.0,Swift-XRT,,
B2-1811+31,1.0880951e+17,7253968000000000.0,7253968000000000.0,1.7340603e-12,1.7340603e-12,1.7340603e-12,59138.855,59138.855,0.0,Swift-XRT,,
B2-1811+31,1.2452644e+17,8462965000000000.0,8462965000000000.0,1.5982379e-12,1.5982379e-12,1.5982379e-12,59138.855,59138.855,0.0,Swift-XRT,,
B2-1811+31,1.4749735e+17,1.4507936e+16,1.4507936e+16,1.0291386e-12,1.0291386e-12,1.0291386e-12,59138.855,59138.855,0.0,Swift-XRT,,
B2-1811+31,1.7167723e+17,9671955000000000.0,9671955000000000.0,1.4532964e-12,1.4532964e-12,1.4532964e-12,59138.855,59138.855,0.0,Swift-XRT,,
B2-1811+31,1.9464814e+17,1.3298942e+16,1.3298942e+16,9.646275e-13,9.646275e-13,9.646275e-13,59138.855,59138.855,0.0,Swift-XRT,,
B2-1811+31,2.1761904e+17,9671955000000000.0,9671955000000000.0,1.3429624e-12,1.3429624e-12,1.3429624e-12,59138.855,59138.855,0.0,Swift-XRT,,
B2-1811+31,2.4179891e+17,1.4507929e+16,1.4507929e+16,9.464408e-13,9.464408e-13,9.464408e-13,59138.855,59138.855,0.0,Swift-XRT,,
B2-1811+31,2.6960578e+17,1.3298942e+16,1.3298942e+16,9.834894e-13,9.834894e-13,9.834894e-13,59138.855,59138.855,0.0,Swift-XRT,,
B2-1811+31,2.9741267e+17,1.4507936e+16,1.4507936e+16,1.0034823e-12,1.0034823e-12,1.0034823e-12,59138.855,59138.855,0.0,Swift-XRT,,
B2-1811+31,3.2280156e+17,1.0880956e+16,1.0880956e+16,1.4590048e-12,1.4590048e-12,1.4590048e-12,59138.855,59138.855,0.0,Swift-XRT,,
B2-1811+31,3.4939944e+17,1.5716929e+16,1.5716929e+16,1.2065025e-12,1.2065025e-12,1.2065025e-12,59138.855,59138.855,0.0,Swift-XRT,,
B2-1811+31,3.9050526e+17,2.5388892e+16,2.5388892e+16,9.340713e-13,9.340713e-13,9.340713e-13,59138.855,59138.855,0.0,Swift-XRT,,
B2-1811+31,4.50955e+17,3.506084e+16,3.506084e+16,1.0640453e-12,1.0640453e-12,1.0640453e-12,59138.855,59138.855,0.0,Swift-XRT,,
B2-1811+31,5.5009254e+17,6.407671e+16,6.407671e+16,9.421669e-13,9.421669e-13,9.421669e-13,59138.855,59138.855,0.0,Swift-XRT,,
B2-1811+31,7.072618e+17,9.309258e+16,9.309258e+16,1.0952225e-12,1.0952225e-12,1.0952225e-12,59138.855,59138.855,0.0,Swift-XRT,,
B2-1811+31,1.1485449e+18,3.4819046e+17,3.4819046e+17,5.213614e-13,5.213614e-13,5.213614e-13,59138.855,59138.855,0.0,Swift-XRT,,
B2-1811+31,8.741031e+17,8.015634e+17,8.015634e+17,5.2738315e-13,5.2738315e-13,5.2738315e-13,53591.0,53591.0,0.0,Swift-XRT,,
B2-1811+31,9.067459e+16,1.8134917e+16,1.8134917e+16,8.729098e-14,8.729098e-14,8.729098e-14,53862.14,53862.14,0.0,Swift-XRT,,
B2-1811+31,1.3782539e+17,2.9015871e+16,2.9015871e+16,4.757936e-14,4.757936e-14,4.757936e-14,53862.14,53862.14,0.0,Swift-XRT,,
B2-1811+31,2.019021e+17,3.5060847e+16,3.5060847e+16,3.6319584e-14,3.6319584e-14,3.6319584e-14,53862.14,53862.14,0.0,Swift-XRT,,
B2-1811+31,2.925767e+17,5.5613758e+16,5.5613758e+16,2.4936857e-14,2.4936857e-14,2.4936857e-14,53862.14,53862.14,0.0,Swift-XRT,,
B2-1811+31,8.571772e+17,5.0898675e+17,5.0898675e+17,1.6086042e-14,1.6086042e-14,1.6086042e-14,53862.14,53862.14,0.0,Swift-XRT,,
B2-1811+31,8.4629625e+16,1.2089945e+16,1.2089945e+16,7.49885e-14,7.49885e-14,7.49885e-14,59241.68,59241.68,0.0,Swift-XRT,,
B2-1811+31,1.0397354e+17,7253968000000000.0,7253968000000000.0,9.0859015e-14,9.0859015e-14,9.0859015e-14,59241.68,59241.68,0.0,Swift-XRT,,
B2-1811+31,1.2210846e+17,1.0880952e+16,1.0880952e+16,5.911302e-14,5.911302e-14,5.911302e-14,59241.68,59241.68,0.0,Swift-XRT,,
B2-1811+31,1.4266137e+17,9671955000000000.0,9671955000000000.0,8.05845e-14,8.05845e-14,8.05845e-14,59241.68,59241.68,0.0,Swift-XRT,,
B2-1811+31,1.6321427e+17,1.0880956e+16,1.0880956e+16,6.444314e-14,6.444314e-14,6.444314e-14,59241.68,59241.68,0.0,Swift-XRT,,
B2-1811+31,1.8618517e+17,1.2089942e+16,1.2089942e+16,5.431967e-14,5.431967e-14,5.431967e-14,59241.68,59241.68,0.0,Swift-XRT,,
B2-1811+31,2.1036506e+17,1.208995e+16,1.208995e+16,5.381527e-14,5.381527e-14,5.381527e-14,59241.68,59241.68,0.0,Swift-XRT,,
B2-1811+31,2.3817193e+17,1.5716923e+16,1.5716923e+16,3.9966277e-14,3.9966277e-14,3.9966277e-14,59241.68,59241.68,0.0,Swift-XRT,,
B2-1811+31,2.683968e+17,1.4507936e+16,1.4507936e+16,4.55346e-14,4.55346e-14,4.55346e-14,59241.68,59241.68,0.0,Swift-XRT,,
B2-1811+31,3.0103965e+17,1.813493e+16,1.813493e+16,4.1075145e-14,4.1075145e-14,4.1075145e-14,59241.68,59241.68,0.0,Swift-XRT,,
B2-1811+31,3.409365e+17,2.1761897e+16,2.1761897e+16,3.983037e-14,3.983037e-14,3.983037e-14,59241.68,59241.68,0.0,Swift-XRT,,
B2-1811+31,4.1347616e+17,5.077777e+16,5.077777e+16,2.6895691e-14,2.6895691e-14,2.6895691e-14,59241.68,59241.68,0.0,Swift-XRT,,
B2-1811+31,5.4767454e+17,8.342062e+16,8.342062e+16,3.531949e-14,3.531949e-14,3.531949e-14,59241.68,59241.68,0.0,Swift-XRT,,
B2-1811+31,8.88611e+17,2.5751585e+17,2.5751585e+17,2.7742487e-14,2.7742487e-14,2.7742487e-14,59241.68,59241.68,0.0,Swift-XRT,,
B2-1811+31,1.7143543e+18,5.6822744e+17,5.6822744e+17,5.4767355e-14,5.4767355e-14,5.4767355e-14,59241.68,59241.68,0.0,Swift-XRT,,
B2-1811+31,9.671957e+16,2.417989e+16,2.417989e+16,1.7061615e-13,1.7061615e-13,1.7061615e-13,59898.574,59898.574,0.0,Swift-XRT,,
B2-1811+31,1.4870634e+17,2.7806879e+16,2.7806879e+16,1.4201428e-13,1.4201428e-13,1.4201428e-13,59898.574,59898.574,0.0,Swift-XRT,,
B2-1811+31,2.055291e+17,2.9015871e+16,2.9015871e+16,1.1411292e-13,1.1411292e-13,1.1411292e-13,59898.574,59898.574,0.0,Swift-XRT,,
B2-1811+31,2.683968e+17,3.3851846e+16,3.3851846e+16,1.05940064e-13,1.05940064e-13,1.05940064e-13,59898.574,59898.574,0.0,Swift-XRT,,
B2-1811+31,3.361005e+17,3.3851846e+16,3.3851846e+16,1.3049182e-13,1.3049182e-13,1.3049182e-13,59898.574,59898.574,0.0,Swift-XRT,,
