ecsv/2025f_B21811+31/magic_2025f_fig1_lc_OpticalRband.ecsv
# %ECSV 0.9
# ---
# delimiter: ','
# datatype:
# - {name: srcname   , unit: latex, datatype: string  , description: Source name                             }
# - {name: t         , unit: mjd  , datatype: float32 , description: Time of measurement                     }
# - {name: t_wlo     , unit: d    , datatype: float32 , description: Lower width of time bin                 }
# - {name: t_wup     , unit: d    , datatype: float32 , description: Upper width of time bin                 }
# - {name: t_exp     , unit: d    , datatype: float32 , description: Exposure time                           }
# - {name: flux      , unit: mJy   , datatype: float32 , description: Flux measured above the energy threshold}
# - {name: flux_elo  , unit: mJy   , datatype: float32 , description: Lower uncertainty of flux               }
# - {name: flux_eup  , unit: mJy   , datatype: float32 , description: Upper uncertainty of flux               }
# - {name: eth_lo    , unit: nm   , datatype: float32 , description: Assumed lower energy threshold for integral flux calculation}
# - {name: eth_up    , unit: nm   , datatype: float32 , description: Assumed upper energy threshold for integral flux calculation}
# - {name: instrument, unit: latex, datatype: string  , description: Instrument                              }
# - {name: dataformat, unit: latex, datatype: string  , description: Data Format                             }
# - {name: comments  , unit: latex, datatype: string  , description: Comments                                }
# meta: !!omap
# - {Filename : "magic_2025f_fig1_lc_OpticalRband.ecsv"}
# - {Source   : "B2-1811+31"}
# - {Figure   : "Fig. 1 Long-term light-curve"}
# - {Title    : "Very-high-energy gamma-ray detection and long-term multi-wavelength view of the flaring blazar B2 1811+31"}
# - {Comments : "Only optical R-band data"}
# - {Reference: "magic_2025.yaml"}
# - {Status   : "checked"}

[from data line 767]
B2-1811+31,56514.234,0.0,0.0,0.0,0.5314692,0.022523796,0.022523796,520.0,796.0,KAIT,,
B2-1811+31,56517.195,0.0,0.0,0.0,0.5903073,0.017400699,0.017400699,520.0,796.0,KAIT,,
B2-1811+31,56521.258,0.0,0.0,0.0,0.64845246,0.015529901,0.015529901,520.0,796.0,KAIT,,
B2-1811+31,56525.19,0.0,0.0,0.0,0.69482934,0.042263474,0.042263474,520.0,796.0,KAIT,,
B2-1811+31,56528.227,0.0,0.0,0.0,0.79264396,0.107645825,0.107645825,520.0,796.0,KAIT,,
B2-1811+31,56532.19,0.0,0.0,0.0,0.62098074,0.019449288,0.019449288,520.0,796.0,KAIT,,
B2-1811+31,56535.145,0.0,0.0,0.0,0.7019047,0.017456708,0.017456708,520.0,796.0,KAIT,,
B2-1811+31,56539.14,0.0,0.0,0.0,0.7625672,0.016857782,0.016857782,520.0,796.0,KAIT,,
B2-1811+31,56556.156,0.0,0.0,0.0,0.83229667,0.028368711,0.028368711,520.0,796.0,KAIT,,
B2-1811+31,56559.145,0.0,0.0,0.0,0.8869071,0.010619585,0.010619585,520.0,796.0,KAIT,,
B2-1811+31,56562.12,0.0,0.0,0.0,0.896764,0.016519936,0.016519936,520.0,796.0,KAIT,,
B2-1811+31,56565.15,0.0,0.0,0.0,0.94510084,0.013057466,0.013057466,520.0,796.0,KAIT,,
B2-1811+31,56568.11,0.0,0.0,0.0,1.1103966,0.03477793,0.03477793,520.0,796.0,KAIT,,
B2-1811+31,56571.105,0.0,0.0,0.0,1.0277278,0.018932518,0.018932518,520.0,796.0,KAIT,,
B2-1811+31,56576.11,0.0,0.0,0.0,0.9244388,0.016178178,0.016178178,520.0,796.0,KAIT,,
B2-1811+31,56579.133,0.0,0.0,0.0,1.01083,0.019552406,0.019552406,520.0,796.0,KAIT,,
B2-1811+31,56586.113,0.0,0.0,0.0,1.0911342,0.021105722,0.021105722,520.0,796.0,KAIT,,
B2-1811+31,56590.117,0.0,0.0,0.0,1.11655,0.020568773,0.020568773,520.0,796.0,KAIT,,
B2-1811+31,56729.516,0.0,0.0,0.0,0.8595638,0.011875691,0.011875691,520.0,796.0,KAIT,,
B2-1811+31,56737.516,0.0,0.0,0.0,0.8910009,0.01723456,0.01723456,520.0,796.0,KAIT,,
B2-1811+31,56740.555,0.0,0.0,0.0,0.9235877,0.02467195,0.02467195,520.0,796.0,KAIT,,
B2-1811+31,56761.496,0.0,0.0,0.0,1.0633546,0.017629752,0.017629752,520.0,796.0,KAIT,,
B2-1811+31,56764.523,0.0,0.0,0.0,1.2413039,0.022866957,0.022866957,520.0,796.0,KAIT,,
B2-1811+31,56776.49,0.0,0.0,0.0,1.0080409,0.0139270425,0.0139270425,520.0,796.0,KAIT,,
B2-1811+31,56779.504,0.0,0.0,0.0,0.969791,0.013398584,0.013398584,520.0,796.0,KAIT,,
B2-1811+31,56784.49,0.0,0.0,0.0,0.9715791,0.012528351,0.012528351,520.0,796.0,KAIT,,
B2-1811+31,56790.457,0.0,0.0,0.0,0.9600153,0.022107122,0.022107122,520.0,796.0,KAIT,,
B2-1811+31,56793.47,0.0,0.0,0.0,0.9009032,0.029876925,0.029876925,520.0,796.0,KAIT,,
B2-1811+31,56796.48,0.0,0.0,0.0,0.8477702,0.013274571,0.013274571,520.0,796.0,KAIT,,
B2-1811+31,56799.445,0.0,0.0,0.0,0.9600153,0.010610697,0.010610697,520.0,796.0,KAIT,,
B2-1811+31,56802.457,0.0,0.0,0.0,0.97247434,0.016123014,0.016123014,520.0,796.0,KAIT,,
B2-1811+31,56806.44,0.0,0.0,0.0,1.0267818,0.015131763,0.015131763,520.0,796.0,KAIT,,
B2-1811+31,56809.426,0.0,0.0,0.0,0.91343606,0.010937235,0.010937235,520.0,796.0,KAIT,,
B2-1811+31,56812.473,0.0,0.0,0.0,0.8755443,0.015322499,0.015322499,520.0,796.0,KAIT,,
B2-1811+31,56815.457,0.0,0.0,0.0,0.9398924,0.016448624,0.016448624,520.0,796.0,KAIT,,
B2-1811+31,56818.41,0.0,0.0,0.0,0.9600153,0.01591645,0.01591645,520.0,796.0,KAIT,,
B2-1811+31,56823.43,0.0,0.0,0.0,1.0258365,0.028348517,0.028348517,520.0,796.0,KAIT,,
B2-1811+31,56826.406,0.0,0.0,0.0,1.0183057,0.01406886,0.01406886,520.0,796.0,KAIT,,
B2-1811+31,56829.387,0.0,0.0,0.0,1.0731938,0.01878147,0.01878147,520.0,796.0,KAIT,,
B2-1811+31,56832.355,0.0,0.0,0.0,1.0401073,0.012453962,0.012453962,520.0,796.0,KAIT,,
B2-1811+31,56835.383,0.0,0.0,0.0,0.9608999,0.012390644,0.012390644,520.0,796.0,KAIT,,
B2-1811+31,56838.375,0.0,0.0,0.0,1.1196393,0.013406257,0.013406257,520.0,796.0,KAIT,,
B2-1811+31,56841.344,0.0,0.0,0.0,1.0672795,0.012779314,0.012779314,520.0,796.0,KAIT,,
B2-1811+31,56844.32,0.0,0.0,0.0,0.91849786,0.016074209,0.016074209,520.0,796.0,KAIT,,
B2-1811+31,56847.297,0.0,0.0,0.0,0.87715864,0.013734741,0.013734741,520.0,796.0,KAIT,,
B2-1811+31,56852.29,0.0,0.0,0.0,0.7977708,0.024986401,0.024986401,520.0,796.0,KAIT,,
B2-1811+31,56855.293,0.0,0.0,0.0,0.8795857,0.027548866,0.027548866,520.0,796.0,KAIT,,
B2-1811+31,56858.285,0.0,0.0,0.0,0.8747383,0.016114186,0.016114186,520.0,796.0,KAIT,,
B2-1811+31,56861.312,0.0,0.0,0.0,0.85246813,0.011777657,0.011777657,520.0,796.0,KAIT,,
B2-1811+31,56864.23,0.0,0.0,0.0,0.88609064,0.010609808,0.010609808,520.0,796.0,KAIT,,
B2-1811+31,56867.254,0.0,0.0,0.0,0.74178517,0.075281665,0.075281665,520.0,796.0,KAIT,,
B2-1811+31,56876.258,0.0,0.0,0.0,1.1103966,0.021478314,0.021478314,520.0,796.0,KAIT,,
B2-1811+31,56880.227,0.0,0.0,0.0,1.2321913,0.037457142,0.037457142,520.0,796.0,KAIT,,
B2-1811+31,56883.215,0.0,0.0,0.0,1.1279196,0.01662224,0.01662224,520.0,796.0,KAIT,,
B2-1811+31,56886.184,0.0,0.0,0.0,1.1605881,0.013896568,0.013896568,520.0,796.0,KAIT,,
B2-1811+31,56889.19,0.0,0.0,0.0,1.1854361,0.019653786,0.019653786,520.0,796.0,KAIT,,
B2-1811+31,56892.19,0.0,0.0,0.0,1.2831521,0.016546033,0.016546033,520.0,796.0,KAIT,,
B2-1811+31,56895.195,0.0,0.0,0.0,1.4238956,0.015737796,0.015737796,520.0,796.0,KAIT,,
B2-1811+31,56898.184,0.0,0.0,0.0,1.3648287,0.013827827,0.013827827,520.0,796.0,KAIT,,
B2-1811+31,56901.2,0.0,0.0,0.0,1.2378788,0.014822026,0.014822026,520.0,796.0,KAIT,,
B2-1811+31,57148.492,0.0,0.0,0.0,0.71429586,0.034223404,0.034223404,520.0,796.0,KAIT,,
B2-1811+31,57151.496,0.0,0.0,0.0,0.81185436,0.020939196,0.020939196,520.0,796.0,KAIT,,
B2-1811+31,57167.48,0.0,0.0,0.0,1.0015627,0.019373149,0.019373149,520.0,796.0,KAIT,,
B2-1811+31,57170.453,0.0,0.0,0.0,0.97247434,0.019706352,0.019706352,520.0,796.0,KAIT,,
B2-1811+31,57173.414,0.0,0.0,0.0,1.0751725,0.019806528,0.019806528,520.0,796.0,KAIT,,
B2-1811+31,57178.47,0.0,0.0,0.0,0.93902713,0.024219211,0.024219211,520.0,796.0,KAIT,,
B2-1811+31,57181.453,0.0,0.0,0.0,1.0136269,0.017739018,0.017739018,520.0,796.0,KAIT,,
B2-1811+31,57184.41,0.0,0.0,0.0,0.99971944,0.019337494,0.019337494,520.0,796.0,KAIT,,
B2-1811+31,57187.406,0.0,0.0,0.0,1.0071129,0.013914221,0.013914221,520.0,796.0,KAIT,,
B2-1811+31,57190.44,0.0,0.0,0.0,1.0468348,0.012534516,0.012534516,520.0,796.0,KAIT,,
B2-1811+31,57193.42,0.0,0.0,0.0,1.0324717,0.034240168,0.034240168,520.0,796.0,KAIT,,
B2-1811+31,57196.434,0.0,0.0,0.0,1.0401073,0.022993254,0.022993254,520.0,796.0,KAIT,,
B2-1811+31,57199.375,0.0,0.0,0.0,1.0258365,0.021732723,0.021732723,520.0,796.0,KAIT,,
B2-1811+31,57200.402,0.0,0.0,0.0,0.9573663,0.05293295,0.05293295,520.0,796.0,KAIT,,
B2-1811+31,57204.406,0.0,0.0,0.0,1.1909078,0.047177594,0.047177594,520.0,796.0,KAIT,,
B2-1811+31,57207.36,0.0,0.0,0.0,1.1552558,0.024474518,0.024474518,520.0,796.0,KAIT,,
B2-1811+31,57219.344,0.0,0.0,0.0,0.94423074,0.015654754,0.015654754,520.0,796.0,KAIT,,
B2-1811+31,57225.293,0.0,0.0,0.0,0.8156017,0.02329027,0.02329027,520.0,796.0,KAIT,,
B2-1811+31,57228.36,0.0,0.0,0.0,0.8133513,0.012735631,0.012735631,520.0,796.0,KAIT,,
B2-1811+31,57231.266,0.0,0.0,0.0,0.9017334,0.023257338,0.023257338,520.0,796.0,KAIT,,
B2-1811+31,57235.242,0.0,0.0,0.0,0.8508993,0.0643251,0.0643251,520.0,796.0,KAIT,,
B2-1811+31,57238.25,0.0,0.0,0.0,0.76749957,0.025452819,0.025452819,520.0,796.0,KAIT,,
B2-1811+31,57242.258,0.0,0.0,0.0,0.7724638,0.01636493,0.01636493,520.0,796.0,KAIT,,
B2-1811+31,57245.242,0.0,0.0,0.0,0.70774716,0.017602013,0.017602013,520.0,796.0,KAIT,,
B2-1811+31,57248.227,0.0,0.0,0.0,0.64547306,0.0154585475,0.0154585475,520.0,796.0,KAIT,,
B2-1811+31,57251.203,0.0,0.0,0.0,0.68277586,0.015093864,0.015093864,520.0,796.0,KAIT,,
B2-1811+31,57254.215,0.0,0.0,0.0,0.7465831,0.016504426,0.016504426,520.0,796.0,KAIT,,
B2-1811+31,57257.19,0.0,0.0,0.0,0.7322816,0.020236265,0.020236265,520.0,796.0,KAIT,,
B2-1811+31,57258.215,0.0,0.0,0.0,0.7289171,0.039629586,0.039629586,520.0,796.0,KAIT,,
B2-1811+31,57261.2,0.0,0.0,0.0,0.7424687,0.020517778,0.020517778,520.0,796.0,KAIT,,
B2-1811+31,57264.207,0.0,0.0,0.0,0.77175266,0.064759515,0.064759515,520.0,796.0,KAIT,,
B2-1811+31,57265.19,0.0,0.0,0.0,0.811107,0.068811536,0.068811536,520.0,796.0,KAIT,,
B2-1811+31,57266.22,0.0,0.0,0.0,0.71825415,0.039049868,0.039049868,520.0,796.0,KAIT,,
B2-1811+31,57269.18,0.0,0.0,0.0,0.87232465,0.01365905,0.01365905,520.0,796.0,KAIT,,
B2-1811+31,57272.203,0.0,0.0,0.0,0.84154654,0.014727519,0.014727519,520.0,796.0,KAIT,,
B2-1811+31,57521.5,0.0,0.0,0.0,1.5800766,0.016008621,0.016008621,520.0,796.0,KAIT,,
B2-1811+31,57526.484,0.0,0.0,0.0,1.8513057,0.02387228,0.02387228,520.0,796.0,KAIT,,
B2-1811+31,57533.496,0.0,0.0,0.0,1.8292714,0.03538345,0.03538345,520.0,796.0,KAIT,,
B2-1811+31,57536.477,0.0,0.0,0.0,1.9119571,0.022893256,0.022893256,520.0,796.0,KAIT,,
B2-1811+31,57539.473,0.0,0.0,0.0,1.7728751,0.01796197,0.01796197,520.0,796.0,KAIT,,
B2-1811+31,57540.48,0.0,0.0,0.0,1.5742661,0.030450905,0.030450905,520.0,796.0,KAIT,,
B2-1811+31,57541.47,0.0,0.0,0.0,1.455721,0.013407875,0.013407875,520.0,796.0,KAIT,,
B2-1811+31,57542.47,0.0,0.0,0.0,1.414745,0.020849206,0.020849206,520.0,796.0,KAIT,,
B2-1811+31,57544.47,0.0,0.0,0.0,1.379997,0.020337123,0.020337123,520.0,796.0,KAIT,,
B2-1811+31,57545.465,0.0,0.0,0.0,1.4069483,0.018142365,0.018142365,520.0,796.0,KAIT,,
B2-1811+31,57546.457,0.0,0.0,0.0,1.5187215,0.02098258,0.02098258,520.0,796.0,KAIT,,
B2-1811+31,57547.445,0.0,0.0,0.0,1.4786934,0.019067505,0.019067505,520.0,796.0,KAIT,,
B2-1811+31,57550.44,0.0,0.0,0.0,1.4732558,0.014926361,0.014926361,520.0,796.0,KAIT,,
B2-1811+31,57551.434,0.0,0.0,0.0,1.3991947,0.018042382,0.018042382,520.0,796.0,KAIT,,
B2-1811+31,57552.45,0.0,0.0,0.0,1.4476986,0.014667427,0.014667427,520.0,796.0,KAIT,,
B2-1811+31,57553.44,0.0,0.0,0.0,1.4186594,0.010453164,0.010453164,520.0,796.0,KAIT,,
B2-1811+31,57554.363,0.0,0.0,0.0,1.4199667,0.013078561,0.013078561,520.0,796.0,KAIT,,
B2-1811+31,57555.39,0.0,0.0,0.0,1.4476986,0.014667427,0.014667427,520.0,796.0,KAIT,,
B2-1811+31,57556.4,0.0,0.0,0.0,1.4331055,0.03300139,0.03300139,520.0,796.0,KAIT,,
B2-1811+31,57557.47,0.0,0.0,0.0,1.4691906,0.014885175,0.014885175,520.0,796.0,KAIT,,
B2-1811+31,57561.414,0.0,0.0,0.0,1.4490325,0.013346272,0.013346272,520.0,796.0,KAIT,,
B2-1811+31,57562.438,0.0,0.0,0.0,1.4923756,0.015120075,0.015120075,520.0,796.0,KAIT,,
B2-1811+31,57563.406,0.0,0.0,0.0,1.4705445,0.012189932,0.012189932,520.0,796.0,KAIT,,
B2-1811+31,57564.395,0.0,0.0,0.0,1.4570624,0.014762297,0.014762297,520.0,796.0,KAIT,,
B2-1811+31,57565.42,0.0,0.0,0.0,1.3774573,0.013955775,0.013955775,520.0,796.0,KAIT,,
B2-1811+31,57567.367,0.0,0.0,0.0,1.2962183,0.011938781,0.011938781,520.0,796.0,KAIT,,
B2-1811+31,57568.414,0.0,0.0,0.0,1.3154615,0.01211602,0.01211602,520.0,796.0,KAIT,,
B2-1811+31,57569.383,0.0,0.0,0.0,1.256256,0.00925652,0.00925652,520.0,796.0,KAIT,,
B2-1811+31,57570.36,0.0,0.0,0.0,1.2097013,0.010027699,0.010027699,520.0,796.0,KAIT,,
B2-1811+31,57571.38,0.0,0.0,0.0,1.0871216,0.012015557,0.012015557,520.0,796.0,KAIT,,
B2-1811+31,57572.348,0.0,0.0,0.0,0.990554,0.016422763,0.016422763,520.0,796.0,KAIT,,
B2-1811+31,57573.348,0.0,0.0,0.0,0.9626716,0.01241349,0.01241349,520.0,796.0,KAIT,,
B2-1811+31,57574.37,0.0,0.0,0.0,0.9987991,0.00919941,0.00919941,520.0,796.0,KAIT,,
B2-1811+31,57575.344,0.0,0.0,0.0,1.0343753,0.011432571,0.011432571,520.0,796.0,KAIT,,
B2-1811+31,57576.355,0.0,0.0,0.0,1.0821267,0.010963619,0.010963619,520.0,796.0,KAIT,,
B2-1811+31,57577.348,0.0,0.0,0.0,1.1415058,0.014719528,0.014719528,520.0,796.0,KAIT,,
B2-1811+31,57578.336,0.0,0.0,0.0,1.250484,0.011517546,0.011517546,520.0,796.0,KAIT,,
B2-1811+31,57579.324,0.0,0.0,0.0,1.4397204,0.010608347,0.010608347,520.0,796.0,KAIT,,
B2-1811+31,57580.332,0.0,0.0,0.0,1.4199667,0.010462795,0.010462795,520.0,796.0,KAIT,,
B2-1811+31,57581.332,0.0,0.0,0.0,1.4186594,0.018293377,0.018293377,520.0,796.0,KAIT,,
B2-1811+31,57582.37,0.0,0.0,0.0,1.3623168,0.01254758,0.01254758,520.0,796.0,KAIT,,
B2-1811+31,57583.32,0.0,0.0,0.0,1.22653,0.0146861365,0.0146861365,520.0,796.0,KAIT,,
B2-1811+31,57584.3,0.0,0.0,0.0,1.1637994,0.012863048,0.012863048,520.0,796.0,KAIT,,
B2-1811+31,57585.316,0.0,0.0,0.0,1.1103966,0.018409679,0.018409679,520.0,796.0,KAIT,,
B2-1811+31,57586.29,0.0,0.0,0.0,1.0992036,0.014174048,0.014174048,520.0,796.0,KAIT,,
B2-1811+31,57590.285,0.0,0.0,0.0,1.2085876,0.031171665,0.031171665,520.0,796.0,KAIT,,
B2-1811+31,57591.3,0.0,0.0,0.0,1.2041432,0.021073157,0.021073157,520.0,796.0,KAIT,,
B2-1811+31,57592.266,0.0,0.0,0.0,1.2481827,0.021843871,0.021843871,520.0,796.0,KAIT,,
B2-1811+31,57593.266,0.0,0.0,0.0,1.2632176,0.030253015,0.030253015,520.0,796.0,KAIT,,
B2-1811+31,57594.3,0.0,0.0,0.0,1.2413039,0.02629748,0.02629748,520.0,796.0,KAIT,,
B2-1811+31,57595.277,0.0,0.0,0.0,1.2254008,0.013543906,0.013543906,520.0,796.0,KAIT,,
B2-1811+31,57596.246,0.0,0.0,0.0,1.253944,0.016169399,0.016169399,520.0,796.0,KAIT,,
B2-1811+31,57597.254,0.0,0.0,0.0,1.2321913,0.0181589,0.0181589,520.0,796.0,KAIT,,
B2-1811+31,57598.28,0.0,0.0,0.0,1.3070077,0.014445877,0.014445877,520.0,796.0,KAIT,,
B2-1811+31,57600.242,0.0,0.0,0.0,1.3411524,0.023470892,0.023470892,520.0,796.0,KAIT,,
B2-1811+31,57601.27,0.0,0.0,0.0,1.32397,0.026829107,0.026829107,520.0,796.0,KAIT,,
B2-1811+31,57603.22,0.0,0.0,0.0,1.2390195,0.018259527,0.018259527,520.0,796.0,KAIT,,
B2-1811+31,57604.24,0.0,0.0,0.0,1.2527896,0.015000563,0.015000563,520.0,796.0,KAIT,,
B2-1811+31,57605.22,0.0,0.0,0.0,1.2690482,0.018702064,0.018702064,520.0,796.0,KAIT,,
B2-1811+31,57606.203,0.0,0.0,0.0,1.308212,0.012049248,0.012049248,520.0,796.0,KAIT,,
B2-1811+31,57607.258,0.0,0.0,0.0,1.3448633,0.017341789,0.017341789,520.0,796.0,KAIT,,
B2-1811+31,57608.27,0.0,0.0,0.0,1.250484,0.02303607,0.02303607,520.0,796.0,KAIT,,
B2-1811+31,57609.25,0.0,0.0,0.0,1.1573858,0.01918873,0.01918873,520.0,796.0,KAIT,,
B2-1811+31,57610.242,0.0,0.0,0.0,1.0334231,0.013325819,0.013325819,520.0,796.0,KAIT,,
B2-1811+31,57611.215,0.0,0.0,0.0,0.97966623,0.01353502,0.01353502,520.0,796.0,KAIT,,
B2-1811+31,57612.234,0.0,0.0,0.0,0.91175497,0.010917107,0.010917107,520.0,796.0,KAIT,,
B2-1811+31,57613.273,0.0,0.0,0.0,0.8747383,0.010473879,0.010473879,520.0,796.0,KAIT,,
B2-1811+31,57614.21,0.0,0.0,0.0,0.8548268,0.013385065,0.013385065,520.0,796.0,KAIT,,
B2-1811+31,57615.223,0.0,0.0,0.0,0.88854235,0.014731474,0.014731474,520.0,796.0,KAIT,,
B2-1811+31,57616.227,0.0,0.0,0.0,0.9338522,0.012902055,0.012902055,520.0,796.0,KAIT,,
B2-1811+31,57619.31,0.0,0.0,0.0,1.019244,0.0356801,0.0356801,520.0,796.0,KAIT,,
B2-1811+31,57622.273,0.0,0.0,0.0,1.0921396,0.023137378,0.023137378,520.0,796.0,KAIT,,
B2-1811+31,57625.242,0.0,0.0,0.0,1.0901296,0.02711205,0.02711205,520.0,796.0,KAIT,,
B2-1811+31,57628.22,0.0,0.0,0.0,1.3623168,0.027606174,0.027606174,520.0,796.0,KAIT,,
B2-1811+31,57632.203,0.0,0.0,0.0,1.1724063,0.008638687,0.008638687,520.0,796.0,KAIT,,
B2-1811+31,57635.188,0.0,0.0,0.0,1.0861208,0.013004916,0.013004916,520.0,796.0,KAIT,,
B2-1811+31,57638.18,0.0,0.0,0.0,1.1898115,0.01424648,0.01424648,520.0,796.0,KAIT,,
B2-1811+31,57641.168,0.0,0.0,0.0,1.2008207,0.028758662,0.028758662,520.0,796.0,KAIT,,
B2-1811+31,57645.168,0.0,0.0,0.0,1.2321913,0.024969291,0.024969291,520.0,796.0,KAIT,,
B2-1811+31,57648.2,0.0,0.0,0.0,1.1063133,0.016303826,0.016303826,520.0,796.0,KAIT,,
B2-1811+31,57651.16,0.0,0.0,0.0,0.9923803,0.02010973,0.02010973,520.0,796.0,KAIT,,
B2-1811+31,57654.16,0.0,0.0,0.0,1.0672795,0.018677967,0.018677967,520.0,796.0,KAIT,,
B2-1811+31,57657.152,0.0,0.0,0.0,1.145719,0.022161553,0.022161553,520.0,796.0,KAIT,,
B2-1811+31,57660.16,0.0,0.0,0.0,1.1478316,0.012686561,0.012686561,520.0,796.0,KAIT,,
B2-1811+31,57663.14,0.0,0.0,0.0,1.1541922,0.011693753,0.011693753,520.0,796.0,KAIT,,
B2-1811+31,57667.105,0.0,0.0,0.0,1.1341699,0.016714351,0.016714351,520.0,796.0,KAIT,,
B2-1811+31,57670.13,0.0,0.0,0.0,1.1920052,0.018664677,0.018664677,520.0,796.0,KAIT,,
B2-1811+31,57824.555,0.0,0.0,0.0,1.2796115,0.024751425,0.024751425,520.0,796.0,KAIT,,
B2-1811+31,57876.51,0.0,0.0,0.0,1.8444978,0.022085516,0.022085516,520.0,796.0,KAIT,,
B2-1811+31,57887.5,0.0,0.0,0.0,1.6545433,0.021335062,0.021335062,520.0,796.0,KAIT,,
B2-1811+31,57900.48,0.0,0.0,0.0,1.4082447,0.011673505,0.011673505,520.0,796.0,KAIT,,
