ecsv/2025f_B21811+31/magic_2025f_fig3_lc_Fermi.ecsv
# %ECSV 0.9
# ---
# delimiter: ','
# datatype:
# - {name: srcname   , unit: latex, datatype: string  , description: Source name                             }
# - {name: t         , unit: mjd  , datatype: float32 , description: Time of measurement                     }
# - {name: t_wlo     , unit: d    , datatype: float32 , description: Lower width of time bin                 }
# - {name: t_wup     , unit: d    , datatype: float32 , description: Upper width of time bin                 }
# - {name: t_exp     , unit: d    , datatype: float32 , description: Exposure time                           }
# - {name: flux      , unit: cm-2 s-1   , datatype: float32 , description: Flux measured above the energy threshold}
# - {name: flux_elo  , unit: cm-2 s-1   , datatype: float32 , description: Lower uncertainty of flux               }
# - {name: flux_eup  , unit: cm-2 s-1   , datatype: float32 , description: Upper uncertainty of flux               }
# - {name: eth_lo    , unit: GeV   , datatype: float32 , description: Assumed lower energy threshold for integral flux calculation}
# - {name: eth_up    , unit: GeV   , datatype: float32 , description: Assumed upper energy threshold for integral flux calculation}
# - {name: instrument, unit: latex, datatype: string  , description: Instrument                              }
# - {name: dataformat, unit: latex, datatype: string  , description: Data Format                             }
# - {name: comments  , unit: latex, datatype: string  , description: Comments                                }
# meta: !!omap
# - {Filename : "magic_2025f_fig3_lc_Fermi.ecsv"}
# - {Source   : "B2-1811+31"}
# - {Figure   : "Fig. 3 Flare light-curve in a 70-day period surrounding MAGIC campaign"}
# - {Title    : "Very-high-energy gamma-ray detection and long-term multi-wavelength view of the flaring blazar B2 1811+31"}
# - {Comments : "Only Fermi-LAT data between 0.1-1000 GeV"}
# - {Reference: "magic_2025f.yaml"}
# - {Status   : "checked"}

[from data line 166]
B2-1811+31,59065.89,0.5,0.5,1.0,1.160355e-07,7.6558e-08,7.6558e-08,0.1,1000.0,Fermi-LAT,,
B2-1811+31,59066.89,0.5,0.5,1.0,2.892823e-07,1.2418435e-07,1.2418435e-07,0.1,1000.0,Fermi-LAT,,
B2-1811+31,59067.89,0.5,0.5,1.0,3.4963833e-08,2.0741835e-08,2.0741835e-08,0.1,1000.0,Fermi-LAT,,
B2-1811+31,59068.89,0.5,0.5,1.0,1.058728e-07,6.3560954e-08,6.3560954e-08,0.1,1000.0,Fermi-LAT,,
B2-1811+31,59069.89,0.5,0.5,1.0,1.6005143e-07,1.12036e-07,1.12036e-07,0.1,1000.0,Fermi-LAT,UL,
B2-1811+31,59070.89,0.5,0.5,1.0,2.750549e-07,1.9253844e-07,1.9253844e-07,0.1,1000.0,Fermi-LAT,UL,
B2-1811+31,59071.89,0.5,0.5,1.0,2.1330621e-07,1.4931435e-07,1.4931435e-07,0.1,1000.0,Fermi-LAT,UL,
B2-1811+31,59072.89,0.5,0.5,1.0,4.3721478e-08,3.0605033e-08,3.0605033e-08,0.1,1000.0,Fermi-LAT,UL,
B2-1811+31,59073.89,0.5,0.5,1.0,1.0054201e-07,6.028999e-08,6.028999e-08,0.1,1000.0,Fermi-LAT,,
B2-1811+31,59074.89,0.5,0.5,1.0,1.7810365e-07,8.2504286e-08,8.2504286e-08,0.1,1000.0,Fermi-LAT,,
B2-1811+31,59075.89,0.5,0.5,1.0,1.13012334e-07,6.332655e-08,6.332655e-08,0.1,1000.0,Fermi-LAT,,
B2-1811+31,59076.89,0.5,0.5,1.0,1.4776664e-07,9.6495256e-08,9.6495256e-08,0.1,1000.0,Fermi-LAT,,
B2-1811+31,59077.89,0.5,0.5,1.0,1.1479122e-07,8.100099e-08,8.100099e-08,0.1,1000.0,Fermi-LAT,,
B2-1811+31,59078.89,0.5,0.5,1.0,6.488413e-08,3.065582e-08,3.065582e-08,0.1,1000.0,Fermi-LAT,,
B2-1811+31,59079.89,0.5,0.5,1.0,4.827365e-08,4.3490612e-08,4.3490612e-08,0.1,1000.0,Fermi-LAT,,
B2-1811+31,59080.89,0.5,0.5,1.0,8.396016e-08,5.42666e-08,5.42666e-08,0.1,1000.0,Fermi-LAT,,
B2-1811+31,59081.89,0.5,0.5,1.0,8.657378e-08,5.6717017e-08,5.6717017e-08,0.1,1000.0,Fermi-LAT,,
B2-1811+31,59082.89,0.5,0.5,1.0,1.7405847e-07,1.9355056e-07,1.9355056e-07,0.1,1000.0,Fermi-LAT,,
B2-1811+31,59083.89,0.5,0.5,1.0,1.2410653e-07,9.4862465e-08,9.4862465e-08,0.1,1000.0,Fermi-LAT,,
B2-1811+31,59084.89,0.5,0.5,1.0,2.281147e-07,1.07754836e-07,1.07754836e-07,0.1,1000.0,Fermi-LAT,,
B2-1811+31,59085.89,0.5,0.5,1.0,1.913963e-07,1.3397741e-07,1.3397741e-07,0.1,1000.0,Fermi-LAT,UL,
B2-1811+31,59086.89,0.5,0.5,1.0,8.5204356e-08,4.4352284e-08,4.4352284e-08,0.1,1000.0,Fermi-LAT,,
B2-1811+31,59087.89,0.5,0.5,1.0,7.873796e-08,5.987678e-08,5.987678e-08,0.1,1000.0,Fermi-LAT,,
B2-1811+31,59088.89,0.5,0.5,1.0,1.2825005e-07,6.3924205e-08,6.3924205e-08,0.1,1000.0,Fermi-LAT,,
B2-1811+31,59089.89,0.5,0.5,1.0,9.75223e-08,5.943836e-08,5.943836e-08,0.1,1000.0,Fermi-LAT,,
B2-1811+31,59090.89,0.5,0.5,1.0,1.8188706e-07,8.4616445e-08,8.4616445e-08,0.1,1000.0,Fermi-LAT,,
B2-1811+31,59091.89,0.5,0.5,1.0,2.779902e-08,2.6203649e-08,2.6203649e-08,0.1,1000.0,Fermi-LAT,,
B2-1811+31,59092.89,0.5,0.5,1.0,3.2249364e-08,2.213169e-08,2.213169e-08,0.1,1000.0,Fermi-LAT,,
B2-1811+31,59093.89,0.5,0.5,1.0,1.0180852e-07,5.3160342e-08,5.3160342e-08,0.1,1000.0,Fermi-LAT,,
B2-1811+31,59094.89,0.5,0.5,1.0,4.4303523e-08,3.570681e-08,3.570681e-08,0.1,1000.0,Fermi-LAT,,
B2-1811+31,59095.89,0.5,0.5,1.0,4.6934808e-08,3.7177433e-08,3.7177433e-08,0.1,1000.0,Fermi-LAT,,
B2-1811+31,59096.89,0.5,0.5,1.0,8.867737e-08,6.207416e-08,6.207416e-08,0.1,1000.0,Fermi-LAT,UL,
B2-1811+31,59097.89,0.5,0.5,1.0,1.6378809e-07,1.14651655e-07,1.14651655e-07,0.1,1000.0,Fermi-LAT,UL,
B2-1811+31,59098.89,0.5,0.5,1.0,1.02029006e-07,7.14203e-08,7.14203e-08,0.1,1000.0,Fermi-LAT,UL,
B2-1811+31,59099.89,0.5,0.5,1.0,1.5017496e-07,1.0512247e-07,1.0512247e-07,0.1,1000.0,Fermi-LAT,UL,
B2-1811+31,59100.89,0.5,0.5,1.0,5.7142904e-09,7.595846e-09,7.595846e-09,0.1,1000.0,Fermi-LAT,,
B2-1811+31,59101.89,0.5,0.5,1.0,3.269306e-07,1.1472881e-07,1.1472881e-07,0.1,1000.0,Fermi-LAT,,
B2-1811+31,59102.89,0.5,0.5,1.0,8.147456e-08,5.7032192e-08,5.7032192e-08,0.1,1000.0,Fermi-LAT,UL,
B2-1811+31,59103.89,0.5,0.5,1.0,3.2814427e-08,3.0132735e-08,3.0132735e-08,0.1,1000.0,Fermi-LAT,,
B2-1811+31,59104.89,0.5,0.5,1.0,8.682702e-08,5.8760467e-08,5.8760467e-08,0.1,1000.0,Fermi-LAT,,
B2-1811+31,59105.89,0.5,0.5,1.0,7.249587e-08,5.074711e-08,5.074711e-08,0.1,1000.0,Fermi-LAT,UL,
B2-1811+31,59106.89,0.5,0.5,1.0,1.8461442e-07,1.0330768e-07,1.0330768e-07,0.1,1000.0,Fermi-LAT,,
B2-1811+31,59107.89,0.5,0.5,1.0,2.1765852e-07,1.5236097e-07,1.5236097e-07,0.1,1000.0,Fermi-LAT,UL,
B2-1811+31,59108.89,0.5,0.5,1.0,2.0991882e-07,1.356988e-07,1.356988e-07,0.1,1000.0,Fermi-LAT,,
B2-1811+31,59109.89,0.5,0.5,1.0,1.6154458e-07,1.3021084e-07,1.3021084e-07,0.1,1000.0,Fermi-LAT,,
B2-1811+31,59110.89,0.5,0.5,1.0,1.5880333e-07,1.1116233e-07,1.1116233e-07,0.1,1000.0,Fermi-LAT,UL,
B2-1811+31,59111.89,0.5,0.5,1.0,8.4812655e-08,6.746569e-08,6.746569e-08,0.1,1000.0,Fermi-LAT,,
B2-1811+31,59112.89,0.5,0.5,1.0,1.7430746e-07,1.2201522e-07,1.2201522e-07,0.1,1000.0,Fermi-LAT,UL,
B2-1811+31,59113.89,0.5,0.5,1.0,1.425385e-07,8.241788e-08,8.241788e-08,0.1,1000.0,Fermi-LAT,,
B2-1811+31,59114.89,0.5,0.5,1.0,9.942483e-08,6.9597384e-08,6.9597384e-08,0.1,1000.0,Fermi-LAT,UL,
B2-1811+31,59115.89,0.5,0.5,1.0,2.4588974e-07,1.9792606e-07,1.9792606e-07,0.1,1000.0,Fermi-LAT,,
B2-1811+31,59116.89,0.5,0.5,1.0,1.5618647e-07,1.3077792e-07,1.3077792e-07,0.1,1000.0,Fermi-LAT,,
B2-1811+31,59117.89,0.5,0.5,1.0,7.488342e-08,5.827486e-08,5.827486e-08,0.1,1000.0,Fermi-LAT,,
B2-1811+31,59118.89,0.5,0.5,1.0,1.3926454e-07,8.392579e-08,8.392579e-08,0.1,1000.0,Fermi-LAT,,
B2-1811+31,59119.89,0.5,0.5,1.0,6.17696e-08,3.4140026e-08,3.4140026e-08,0.1,1000.0,Fermi-LAT,,
B2-1811+31,59120.89,0.5,0.5,1.0,8.6325784e-08,5.971151e-08,5.971151e-08,0.1,1000.0,Fermi-LAT,,
B2-1811+31,59121.89,0.5,0.5,1.0,6.4761664e-08,3.3389846e-08,3.3389846e-08,0.1,1000.0,Fermi-LAT,,
B2-1811+31,59122.89,0.5,0.5,1.0,7.806089e-08,4.4102908e-08,4.4102908e-08,0.1,1000.0,Fermi-LAT,,
B2-1811+31,59123.89,0.5,0.5,1.0,3.0375944e-07,9.8172855e-08,9.8172855e-08,0.1,1000.0,Fermi-LAT,,
B2-1811+31,59124.89,0.5,0.5,1.0,2.139766e-08,1.3860958e-08,1.3860958e-08,0.1,1000.0,Fermi-LAT,,
B2-1811+31,59125.89,0.5,0.5,1.0,3.2597768e-08,1.8509242e-08,1.8509242e-08,0.1,1000.0,Fermi-LAT,,
B2-1811+31,59126.89,0.5,0.5,1.0,9.873801e-08,5.594464e-08,5.594464e-08,0.1,1000.0,Fermi-LAT,,
B2-1811+31,59127.89,0.5,0.5,1.0,2.1382337e-07,9.139925e-08,9.139925e-08,0.1,1000.0,Fermi-LAT,,
B2-1811+31,59128.89,0.5,0.5,1.0,5.6032793e-08,4.016063e-08,4.016063e-08,0.1,1000.0,Fermi-LAT,,
B2-1811+31,59129.89,0.5,0.5,1.0,5.995601e-08,4.7383313e-08,4.7383313e-08,0.1,1000.0,Fermi-LAT,,
B2-1811+31,59130.89,0.5,0.5,1.0,6.7900785e-08,5.5060063e-08,5.5060063e-08,0.1,1000.0,Fermi-LAT,,
B2-1811+31,59131.89,0.5,0.5,1.0,1.1750146e-07,8.225102e-08,8.225102e-08,0.1,1000.0,Fermi-LAT,UL,
B2-1811+31,59132.89,0.5,0.5,1.0,1.6363832e-07,1.1454682e-07,1.1454682e-07,0.1,1000.0,Fermi-LAT,UL,
B2-1811+31,59133.89,0.5,0.5,1.0,9.49395e-08,6.523272e-08,6.523272e-08,0.1,1000.0,Fermi-LAT,,
B2-1811+31,59134.89,0.5,0.5,1.0,1.8653364e-07,9.933154e-08,9.933154e-08,0.1,1000.0,Fermi-LAT,,
B2-1811+31,59135.89,0.5,0.5,1.0,2.7483347e-07,1.1971052e-07,1.1971052e-07,0.1,1000.0,Fermi-LAT,,
B2-1811+31,59136.89,0.5,0.5,1.0,1.11097066e-07,6.731166e-08,6.731166e-08,0.1,1000.0,Fermi-LAT,,
B2-1811+31,59137.89,0.5,0.5,1.0,5.531341e-08,3.104189e-08,3.104189e-08,0.1,1000.0,Fermi-LAT,,
B2-1811+31,59138.89,0.5,0.5,1.0,1.314634e-07,6.228398e-08,6.228398e-08,0.1,1000.0,Fermi-LAT,,
B2-1811+31,59139.89,0.5,0.5,1.0,1.3255617e-07,6.660187e-08,6.660187e-08,0.1,1000.0,Fermi-LAT,,
B2-1811+31,59140.89,0.5,0.5,1.0,1.3912579e-07,1.1200703e-07,1.1200703e-07,0.1,1000.0,Fermi-LAT,,
B2-1811+31,59141.89,0.5,0.5,1.0,2.873821e-07,1.1494432e-07,1.1494432e-07,0.1,1000.0,Fermi-LAT,,
B2-1811+31,59142.89,0.5,0.5,1.0,2.2409361e-07,1.5686553e-07,1.5686553e-07,0.1,1000.0,Fermi-LAT,UL,
B2-1811+31,59143.89,0.5,0.5,1.0,2.2691144e-07,1.08791184e-07,1.08791184e-07,0.1,1000.0,Fermi-LAT,,
B2-1811+31,59144.89,0.5,0.5,1.0,1.4145816e-07,6.21402e-08,6.21402e-08,0.1,1000.0,Fermi-LAT,,
B2-1811+31,59145.89,0.5,0.5,1.0,1.3210487e-07,6.638143e-08,6.638143e-08,0.1,1000.0,Fermi-LAT,,
B2-1811+31,59146.89,0.5,0.5,1.0,7.264108e-08,3.2063245e-08,3.2063245e-08,0.1,1000.0,Fermi-LAT,,
B2-1811+31,59147.89,0.5,0.5,1.0,7.067305e-08,5.2379967e-08,5.2379967e-08,0.1,1000.0,Fermi-LAT,,
B2-1811+31,59148.89,0.5,0.5,1.0,1.1089985e-07,4.8786948e-08,4.8786948e-08,0.1,1000.0,Fermi-LAT,,
B2-1811+31,59149.89,0.5,0.5,1.0,8.513489e-08,6.9467205e-08,6.9467205e-08,0.1,1000.0,Fermi-LAT,,
B2-1811+31,59150.89,0.5,0.5,1.0,2.2539174e-07,1.5777422e-07,1.5777422e-07,0.1,1000.0,Fermi-LAT,UL,
B2-1811+31,59151.89,0.5,0.5,1.0,4.86418e-07,1.5015e-07,1.5015e-07,0.1,1000.0,Fermi-LAT,,
B2-1811+31,59152.89,0.5,0.5,1.0,2.633249e-07,9.62205e-08,9.62205e-08,0.1,1000.0,Fermi-LAT,,
B2-1811+31,59153.89,0.5,0.5,1.0,1.12527985e-07,7.876959e-08,7.876959e-08,0.1,1000.0,Fermi-LAT,UL,
B2-1811+31,59154.89,0.5,0.5,1.0,1.7413895e-07,1.2189726e-07,1.2189726e-07,0.1,1000.0,Fermi-LAT,UL,
B2-1811+31,59155.89,0.5,0.5,1.0,1.4716487e-07,1.315745e-07,1.315745e-07,0.1,1000.0,Fermi-LAT,,
B2-1811+31,59156.89,0.5,0.5,1.0,1.7321061e-07,1.2124742e-07,1.2124742e-07,0.1,1000.0,Fermi-LAT,UL,
B2-1811+31,59157.89,0.5,0.5,1.0,7.487154e-08,6.1489665e-08,6.1489665e-08,0.1,1000.0,Fermi-LAT,,
B2-1811+31,59158.89,0.5,0.5,1.0,1.4890756e-07,8.982071e-08,8.982071e-08,0.1,1000.0,Fermi-LAT,,
B2-1811+31,59159.89,0.5,0.5,1.0,2.8388143e-07,1.9871699e-07,1.9871699e-07,0.1,1000.0,Fermi-LAT,UL,
B2-1811+31,59160.89,0.5,0.5,1.0,3.188854e-08,1.6043234e-08,1.6043234e-08,0.1,1000.0,Fermi-LAT,,
B2-1811+31,59161.89,0.5,0.5,1.0,6.9003256e-08,4.8302283e-08,4.8302283e-08,0.1,1000.0,Fermi-LAT,UL,
B2-1811+31,59162.89,0.5,0.5,1.0,1.1362354e-08,8.763028e-09,8.763028e-09,0.1,1000.0,Fermi-LAT,,
B2-1811+31,59163.89,0.5,0.5,1.0,1.10222246e-07,5.846073e-08,5.846073e-08,0.1,1000.0,Fermi-LAT,,
B2-1811+31,59164.89,0.5,0.5,1.0,5.0893835e-08,3.6915807e-08,3.6915807e-08,0.1,1000.0,Fermi-LAT,,
B2-1811+31,59165.89,0.5,0.5,1.0,1.8941844e-07,1.0648936e-07,1.0648936e-07,0.1,1000.0,Fermi-LAT,,
B2-1811+31,59166.89,0.5,0.5,1.0,7.6822936e-08,6.3540334e-08,6.3540334e-08,0.1,1000.0,Fermi-LAT,,
B2-1811+31,59167.89,0.5,0.5,1.0,1.8682435e-07,7.563803e-08,7.563803e-08,0.1,1000.0,Fermi-LAT,,
B2-1811+31,59168.89,0.5,0.5,1.0,1.048137e-07,9.0774e-08,9.0774e-08,0.1,1000.0,Fermi-LAT,,
B2-1811+31,59169.89,0.5,0.5,1.0,6.0039014e-08,3.9427455e-08,3.9427455e-08,0.1,1000.0,Fermi-LAT,,
B2-1811+31,59170.89,0.5,0.5,1.0,6.4993124e-08,4.525303e-08,4.525303e-08,0.1,1000.0,Fermi-LAT,,
B2-1811+31,59171.89,0.5,0.5,1.0,3.0262715e-08,1.568773e-08,1.568773e-08,0.1,1000.0,Fermi-LAT,,
B2-1811+31,59172.89,0.5,0.5,1.0,7.268502e-08,5.0879514e-08,5.0879514e-08,0.1,1000.0,Fermi-LAT,UL,
B2-1811+31,59173.89,0.5,0.5,1.0,3.4708354e-08,2.4295847e-08,2.4295847e-08,0.1,1000.0,Fermi-LAT,UL,
B2-1811+31,59174.89,0.5,0.5,1.0,6.6375286e-08,4.64627e-08,4.64627e-08,0.1,1000.0,Fermi-LAT,UL,
B2-1811+31,59175.89,0.5,0.5,1.0,5.5299196e-08,3.8709437e-08,3.8709437e-08,0.1,1000.0,Fermi-LAT,UL,
B2-1811+31,59176.89,0.5,0.5,1.0,4.9760978e-08,5.399708e-08,5.399708e-08,0.1,1000.0,Fermi-LAT,,
B2-1811+31,59177.89,0.5,0.5,1.0,1.6564694e-07,8.546788e-08,8.546788e-08,0.1,1000.0,Fermi-LAT,,
B2-1811+31,59178.89,0.5,0.5,1.0,1.3859653e-07,6.917101e-08,6.917101e-08,0.1,1000.0,Fermi-LAT,,
B2-1811+31,59179.89,0.5,0.5,1.0,1.0524405e-07,7.367083e-08,7.367083e-08,0.1,1000.0,Fermi-LAT,UL,
B2-1811+31,59180.89,0.5,0.5,1.0,6.445827e-08,5.419537e-08,5.419537e-08,0.1,1000.0,Fermi-LAT,,
B2-1811+31,59181.89,0.5,0.5,1.0,1.7802097e-07,1.2461467e-07,1.2461467e-07,0.1,1000.0,Fermi-LAT,UL,
B2-1811+31,59182.89,0.5,0.5,1.0,2.3176676e-07,1.6223673e-07,1.6223673e-07,0.1,1000.0,Fermi-LAT,UL,
B2-1811+31,59183.89,0.5,0.5,1.0,1.0626783e-07,7.438748e-08,7.438748e-08,0.1,1000.0,Fermi-LAT,UL,
B2-1811+31,59184.89,0.5,0.5,1.0,1.5405189e-07,1.0783632e-07,1.0783632e-07,0.1,1000.0,Fermi-LAT,UL,
B2-1811+31,59185.89,0.5,0.5,1.0,6.269891e-08,4.3889234e-08,4.3889234e-08,0.1,1000.0,Fermi-LAT,UL,
B2-1811+31,59186.89,0.5,0.5,1.0,3.8238998e-08,2.6767298e-08,2.6767298e-08,0.1,1000.0,Fermi-LAT,UL,
B2-1811+31,59187.89,0.5,0.5,1.0,7.207191e-08,5.045034e-08,5.045034e-08,0.1,1000.0,Fermi-LAT,UL,
B2-1811+31,59188.89,0.5,0.5,1.0,1.3869658e-07,9.708761e-08,9.708761e-08,0.1,1000.0,Fermi-LAT,UL,
B2-1811+31,59189.89,0.5,0.5,1.0,7.432013e-08,5.2024088e-08,5.2024088e-08,0.1,1000.0,Fermi-LAT,UL,
B2-1811+31,59190.89,0.5,0.5,1.0,1.3764682e-07,9.635278e-08,9.635278e-08,0.1,1000.0,Fermi-LAT,UL,
B2-1811+31,59191.89,0.5,0.5,1.0,7.7851155e-08,5.5539495e-08,5.5539495e-08,0.1,1000.0,Fermi-LAT,,
B2-1811+31,59192.89,0.5,0.5,1.0,1.3204453e-07,9.243118e-08,9.243118e-08,0.1,1000.0,Fermi-LAT,UL,
B2-1811+31,59193.89,0.5,0.5,1.0,4.7640754e-08,3.3348527e-08,3.3348527e-08,0.1,1000.0,Fermi-LAT,UL,
B2-1811+31,59194.89,0.5,0.5,1.0,1.2478688e-07,8.735082e-08,8.735082e-08,0.1,1000.0,Fermi-LAT,UL,
B2-1811+31,59195.89,0.5,0.5,1.0,1.3630513e-07,9.54136e-08,9.54136e-08,0.1,1000.0,Fermi-LAT,UL,
B2-1811+31,59196.89,0.5,0.5,1.0,5.230272e-08,3.6611905e-08,3.6611905e-08,0.1,1000.0,Fermi-LAT,UL,
B2-1811+31,59197.89,0.5,0.5,1.0,1.0274558e-07,5.903286e-08,5.903286e-08,0.1,1000.0,Fermi-LAT,,
B2-1811+31,59198.89,0.5,0.5,1.0,1.0747615e-07,7.52333e-08,7.52333e-08,0.1,1000.0,Fermi-LAT,UL,
B2-1811+31,59199.89,0.5,0.5,1.0,9.179965e-08,6.425975e-08,6.425975e-08,0.1,1000.0,Fermi-LAT,UL,
