ecsv/2025f_B21811+31/magic_2025f_fig1_lc_Fermi.ecsv
# %ECSV 0.9
# ---
# delimiter: ','
# datatype:
# - {name: srcname   , unit: latex, datatype: string  , description: Source name                             }
# - {name: t         , unit: mjd  , datatype: float32 , description: Time of measurement                     }
# - {name: t_wlo     , unit: d    , datatype: float32 , description: Lower width of time bin                 }
# - {name: t_wup     , unit: d    , datatype: float32 , description: Upper width of time bin                 }
# - {name: t_exp     , unit: d    , datatype: float32 , description: Exposure time                           }
# - {name: flux      , unit: cm-2 s-1   , datatype: float32 , description: Flux measured above the energy threshold}
# - {name: flux_elo  , unit: cm-2 s-1   , datatype: float32 , description: Lower uncertainty of flux               }
# - {name: flux_eup  , unit: cm-2 s-1   , datatype: float32 , description: Upper uncertainty of flux               }
# - {name: eth_lo    , unit: GeV   , datatype: float32 , description: Assumed lower energy threshold for integral flux calculation}
# - {name: eth_up    , unit: GeV   , datatype: float32 , description: Assumed upper energy threshold for integral flux calculation}
# - {name: instrument, unit: latex, datatype: string  , description: Instrument                              }
# - {name: dataformat, unit: latex, datatype: string  , description: Data Format                             }
# - {name: comments  , unit: latex, datatype: string  , description: Comments                                }
# meta: !!omap
# - {Filename : "magic_2025f_fig1_lc_Fermi.ecsv"}
# - {Source   : "B2 1811+31"}
# - {Figure   : "Fig. 1 Long-term light-curve"}
# - {Title    : "Very-high-energy gamma-ray detection and long-term multi-wavelength view of the flaring blazar B2 1811+31"}
# - {Comments : "Only Fermi-LAT data between 0.1-1000 GeV"}
# - {Reference: "magic_2025f.yaml"}
# - {Status   : "checked"}

[from data line 139]
B2-1811+31,58849.582,15.005714,15.005714,30.011429,3.475728e-08,1.1226101e-08,1.1226101e-08,0.1,1000.0,Fermi-LAT,,
B2-1811+31,58879.594,15.005714,15.005714,30.011429,2.5920256e-08,1.0717657e-08,1.0717657e-08,0.1,1000.0,Fermi-LAT,,
B2-1811+31,58909.605,15.005714,15.005714,30.011429,4.0765403e-08,1.2846494e-08,1.2846494e-08,0.1,1000.0,Fermi-LAT,,
B2-1811+31,58939.617,15.005714,15.005714,30.011429,3.658721e-08,1.1852153e-08,1.1852153e-08,0.1,1000.0,Fermi-LAT,,
B2-1811+31,58969.63,15.005714,15.005714,30.011429,9.312611e-08,1.2034637e-08,1.2034637e-08,0.1,1000.0,Fermi-LAT,,
B2-1811+31,58999.64,15.005714,15.005714,30.011429,5.566121e-08,1.2048938e-08,1.2048938e-08,0.1,1000.0,Fermi-LAT,,
B2-1811+31,59029.652,15.005714,15.005714,30.011429,1.231666e-07,1.5519655e-08,1.5519655e-08,0.1,1000.0,Fermi-LAT,,
B2-1811+31,59059.664,15.005714,15.005714,30.011429,1.1158465e-07,1.4154098e-08,1.4154098e-08,0.1,1000.0,Fermi-LAT,,
B2-1811+31,59089.676,15.005714,15.005714,30.011429,1.11652504e-07,1.3475423e-08,1.3475423e-08,0.1,1000.0,Fermi-LAT,,
B2-1811+31,59119.688,15.005714,15.005714,30.011429,1.05839916e-07,1.4272884e-08,1.4272884e-08,0.1,1000.0,Fermi-LAT,,
B2-1811+31,59149.7,15.005714,15.005714,30.011429,1.2516969e-07,1.4568882e-08,1.4568882e-08,0.1,1000.0,Fermi-LAT,,
B2-1811+31,59179.71,15.005714,15.005714,30.011429,5.583389e-08,1.17980195e-08,1.17980195e-08,0.1,1000.0,Fermi-LAT,,
B2-1811+31,59209.723,15.005714,15.005714,30.011429,2.6466878e-08,1.0372831e-08,1.0372831e-08,0.1,1000.0,Fermi-LAT,,
B2-1811+31,59239.73,15.005714,15.005714,30.011429,2.1182752e-08,1.0238241e-08,1.0238241e-08,0.1,1000.0,Fermi-LAT,,
B2-1811+31,59269.742,15.005714,15.005714,30.011429,2.8651735e-08,1.1295514e-08,1.1295514e-08,0.1,1000.0,Fermi-LAT,,
B2-1811+31,59299.754,15.005714,15.005714,30.011429,2.3247958e-08,1.6273571e-08,1.6273571e-08,0.1,1000.0,Fermi-LAT,UL,
B2-1811+31,59329.766,15.005714,15.005714,30.011429,1.0651532e-08,5.4800444e-09,5.4800444e-09,0.1,1000.0,Fermi-LAT,,
B2-1811+31,59359.777,15.005714,15.005714,30.011429,2.4287493e-08,1.1654055e-08,1.1654055e-08,0.1,1000.0,Fermi-LAT,,
B2-1811+31,59389.79,15.005714,15.005714,30.011429,2.873632e-08,1.151713e-08,1.151713e-08,0.1,1000.0,Fermi-LAT,,
B2-1811+31,59419.8,15.005714,15.005714,30.011429,2.20384e-08,1.542688e-08,1.542688e-08,0.1,1000.0,Fermi-LAT,UL,
B2-1811+31,59449.812,15.005714,15.005714,30.011429,1.0363671e-08,6.5960566e-09,6.5960566e-09,0.1,1000.0,Fermi-LAT,,
B2-1811+31,59479.824,15.005714,15.005714,30.011429,1.3291482e-08,8.5273815e-09,8.5273815e-09,0.1,1000.0,Fermi-LAT,,
B2-1811+31,59509.836,15.005714,15.005714,30.011429,1.2506675e-08,7.082477e-09,7.082477e-09,0.1,1000.0,Fermi-LAT,,
B2-1811+31,59539.848,15.005714,15.005714,30.011429,2.4592223e-08,1.20829595e-08,1.20829595e-08,0.1,1000.0,Fermi-LAT,,
B2-1811+31,59569.86,15.005714,15.005714,30.011429,1.270656e-08,6.3917978e-09,6.3917978e-09,0.1,1000.0,Fermi-LAT,,
B2-1811+31,59599.87,15.005714,15.005714,30.011429,2.140464e-08,9.8014175e-09,9.8014175e-09,0.1,1000.0,Fermi-LAT,,
B2-1811+31,59629.88,15.005714,15.005714,30.011429,1.794203e-08,9.173635e-09,9.173635e-09,0.1,1000.0,Fermi-LAT,,
B2-1811+31,59659.89,15.005714,15.005714,30.011429,3.9961805e-08,1.3079212e-08,1.3079212e-08,0.1,1000.0,Fermi-LAT,,
B2-1811+31,59689.902,15.005714,15.005714,30.011429,1.0208163e-08,6.7995582e-09,6.7995582e-09,0.1,1000.0,Fermi-LAT,,
B2-1811+31,59719.914,15.005714,15.005714,30.011429,1.723217e-08,1.2062519e-08,1.2062519e-08,0.1,1000.0,Fermi-LAT,UL,
B2-1811+31,59749.926,15.005714,15.005714,30.011429,3.000977e-08,1.6096422e-08,1.6096422e-08,0.1,1000.0,Fermi-LAT,,
B2-1811+31,59779.938,15.005714,15.005714,30.011429,2.0929251e-08,1.1678341e-08,1.1678341e-08,0.1,1000.0,Fermi-LAT,,
B2-1811+31,59809.95,15.005714,15.005714,30.011429,9.00303e-09,6.302121e-09,6.302121e-09,0.1,1000.0,Fermi-LAT,UL,
B2-1811+31,59839.96,15.005714,15.005714,30.011429,2.335729e-08,1.2603251e-08,1.2603251e-08,0.1,1000.0,Fermi-LAT,,
B2-1811+31,59869.973,15.005714,15.005714,30.011429,1.6164224e-08,1.1314957e-08,1.1314957e-08,0.1,1000.0,Fermi-LAT,UL,
B2-1811+31,59899.984,15.005714,15.005714,30.011429,2.0198947e-08,1.4139262e-08,1.4139262e-08,0.1,1000.0,Fermi-LAT,UL,
B2-1811+31,59929.996,15.005714,15.005714,30.011429,1.38857e-08,7.0724018e-09,7.0724018e-09,0.1,1000.0,Fermi-LAT,,
